template,parameters,datetime,loglevel,pid
org.apache.hadoop.mapreduce.v2.app.MRAppMaster: Created MRAppMaster for application * ,,"2015-10-17 18:09:20,829",INFO,[main]
org.apache.hadoop.mapreduce.v2.app.MRAppMaster: Executing with tokens: ,,"2015-10-17 18:09:21,736",INFO,[main]
"org.apache.hadoop.mapreduce.v2.app.MRAppMaster: Kind: YARN_AM_RM_TOKEN, Service: , Ident: (appAttemptId { application_id { id: * cluster_timestamp: * } attemptId: 1 } keyId: * ",,"2015-10-17 18:09:21,736",INFO,[main]
org.apache.hadoop.mapreduce.v2.app.MRAppMaster: Using mapred newApiCommitter. ,,"2015-10-17 18:09:21,986",INFO,[main]
org.apache.hadoop.mapreduce.v2.app.MRAppMaster: OutputCommitter set in config null ,,"2015-10-17 18:09:23,001",INFO,[main]
org.apache.hadoop.mapreduce.v2.app.MRAppMaster: OutputCommitter * ,,"2015-10-17 18:09:23,095",INFO,[main]
org.apache.hadoop.yarn.event.AsyncDispatcher: Registering class * for class * ,,"2015-10-17 18:09:23,142",INFO,[main]
org.apache.hadoop.yarn.event.AsyncDispatcher: Registering class * for class * ,,"2015-10-17 18:09:23,142",INFO,[main]
org.apache.hadoop.yarn.event.AsyncDispatcher: Registering class * for class * ,,"2015-10-17 18:09:23,142",INFO,[main]
org.apache.hadoop.yarn.event.AsyncDispatcher: Registering class * for class * ,,"2015-10-17 18:09:23,142",INFO,[main]
org.apache.hadoop.yarn.event.AsyncDispatcher: Registering class * for class * ,,"2015-10-17 18:09:23,142",INFO,[main]
org.apache.hadoop.yarn.event.AsyncDispatcher: Registering class * for class * ,,"2015-10-17 18:09:23,158",INFO,[main]
org.apache.hadoop.yarn.event.AsyncDispatcher: Registering class * for class * ,,"2015-10-17 18:09:23,158",INFO,[main]
org.apache.hadoop.yarn.event.AsyncDispatcher: Registering class * for class * ,,"2015-10-17 18:09:23,158",INFO,[main]
org.apache.hadoop.mapreduce.v2.jobhistory.JobHistoryUtils: Default file system [hdfs://msra-sa-41:9000] ,,"2015-10-17 18:09:23,220",INFO,[main]
org.apache.hadoop.mapreduce.v2.jobhistory.JobHistoryUtils: Default file system [hdfs://msra-sa-41:9000] ,,"2015-10-17 18:09:23,251",INFO,[main]
org.apache.hadoop.mapreduce.v2.jobhistory.JobHistoryUtils: Default file system [hdfs://msra-sa-41:9000] ,,"2015-10-17 18:09:23,283",INFO,[main]
org.apache.hadoop.mapreduce.jobhistory.JobHistoryEventHandler: Emitting job history data to the timeline server is not enabled ,,"2015-10-17 18:09:23,298",INFO,[main]
org.apache.hadoop.yarn.event.AsyncDispatcher: Registering class * for class * ,,"2015-10-17 18:09:23,361",INFO,[main]
org.apache.hadoop.metrics2.impl.MetricsConfig: loaded properties from hadoop-metrics2.properties ,,"2015-10-17 18:09:23,704",INFO,[main]
org.apache.hadoop.metrics2.impl.MetricsSystemImpl: Scheduled snapshot period at 10 second(s). ,,"2015-10-17 18:09:23,783",INFO,[main]
org.apache.hadoop.metrics2.impl.MetricsSystemImpl: MRAppMaster metrics system started ,,"2015-10-17 18:09:23,783",INFO,[main]
org.apache.hadoop.mapreduce.v2.app.job.impl.JobImpl: Adding job token for * to jobTokenSecretManager ,,"2015-10-17 18:09:23,783",INFO,[main]
org.apache.hadoop.mapreduce.v2.app.job.impl.JobImpl: Not uberizing * because: not enabled; too many maps; too much input; ,,"2015-10-17 18:09:23,986",INFO,[main]
org.apache.hadoop.mapreduce.v2.app.job.impl.JobImpl: Input size for job job_1445076437777_0001 = 1256521728. Number of splits = 10 ,,"2015-10-17 18:09:24,001",INFO,[main]
org.apache.hadoop.mapreduce.v2.app.job.impl.JobImpl: * for job job_1445076437777_0001 = * ,,"2015-10-17 18:09:24,017",INFO,[main]
org.apache.hadoop.mapreduce.v2.app.job.impl.JobImpl: * Transitioned from * to * ,,"2015-10-17 18:09:24,017",INFO,[main]
"org.apache.hadoop.mapreduce.v2.app.MRAppMaster: MRAppMaster launching normal, non-uberized, multi-container job * ",,"2015-10-17 18:09:24,017",INFO,[main]
org.apache.hadoop.ipc.CallQueueManager: Using callQueue class java.util.concurrent.LinkedBlockingQueue ,,"2015-10-17 18:09:24,048",INFO,[main]
org.apache.hadoop.ipc.Server: Starting Socket Reader #1 for port * ,,"2015-10-17 18:09:24,064",INFO,[Socket Reader #1 for port 52829]
org.apache.hadoop.yarn.factories.impl.pb.RpcServerFactoryPBImpl: Adding protocol org.apache.hadoop.mapreduce.v2.api.MRClientProtocolPB to the server ,,"2015-10-17 18:09:24,095",INFO,[main]
org.apache.hadoop.ipc.Server: IPC Server * starting ,,"2015-10-17 18:09:24,095",INFO,[IPC Server Responder]
org.apache.hadoop.ipc.Server: IPC Server * starting ,,"2015-10-17 18:09:24,095",INFO,[IPC Server listener on 52829]
org.apache.hadoop.mapreduce.v2.app.client.MRClientService: Instantiated MRClientService at * ,,"2015-10-17 18:09:24,095",INFO,[main]
org.mortbay.log: Logging to org.slf4j.impl.Log4jLoggerAdapter(org.mortbay.log) via org.mortbay.log.Slf4jLog ,,"2015-10-17 18:09:24,189",INFO,[main]
org.apache.hadoop.http.HttpRequestLog: Http request log for http.requests.mapreduce is not defined ,,"2015-10-17 18:09:24,189",INFO,[main]
org.apache.hadoop.http.HttpServer2: Added global filter 'safety' (class=org.apache.hadoop.http.HttpServer2$QuotingInputFilter) ,,"2015-10-17 18:09:24,204",INFO,[main]
org.apache.hadoop.http.HttpServer2: Added filter AM_PROXY_FILTER (class=org.apache.hadoop.yarn.server.webproxy.amfilter.AmIpFilter) to context * ,,"2015-10-17 18:09:24,204",INFO,[main]
org.apache.hadoop.http.HttpServer2: Added filter AM_PROXY_FILTER (class=org.apache.hadoop.yarn.server.webproxy.amfilter.AmIpFilter) to context * ,,"2015-10-17 18:09:24,204",INFO,[main]
org.apache.hadoop.http.HttpServer2: adding path spec: * ,,"2015-10-17 18:09:24,204",INFO,[main]
org.apache.hadoop.http.HttpServer2: adding path spec: * ,,"2015-10-17 18:09:24,204",INFO,[main]
org.apache.hadoop.http.HttpServer2: Jetty bound to port * ,,"2015-10-17 18:09:24,220",INFO,[main]
org.mortbay.log: jetty-6.1.26 ,,"2015-10-17 18:09:24,220",INFO,[main]
org.mortbay.log: Extract jar:file:/D:/hadoop-2.6.0-localbox/share/hadoop/yarn/hadoop-yarn-common-2.6.0-SNAPSHOT.jar!/webapps/mapreduce to * ,,"2015-10-17 18:09:24,298",INFO,[main]
org.mortbay.log: Started * ,,"2015-10-17 18:09:24,501",INFO,[main]
org.apache.hadoop.yarn.webapp.WebApps: Web app /mapreduce started at * ,,"2015-10-17 18:09:24,501",INFO,[main]
org.apache.hadoop.yarn.webapp.WebApps: Registered webapp guice modules ,,"2015-10-17 18:09:24,954",INFO,[main]
org.apache.hadoop.mapreduce.v2.app.speculate.DefaultSpeculator: JOB_CREATE * ,,"2015-10-17 18:09:24,954",INFO,[AsyncDispatcher event handler]
org.apache.hadoop.ipc.CallQueueManager: Using callQueue class java.util.concurrent.LinkedBlockingQueue ,,"2015-10-17 18:09:24,954",INFO,[main]
org.apache.hadoop.ipc.Server: Starting Socket Reader #1 for port * ,,"2015-10-17 18:09:24,970",INFO,[Socket Reader #1 for port 52839]
org.apache.hadoop.ipc.Server: IPC Server * starting ,,"2015-10-17 18:09:24,970",INFO,[IPC Server Responder]
org.apache.hadoop.ipc.Server: IPC Server * starting ,,"2015-10-17 18:09:24,970",INFO,[IPC Server listener on 52839]
org.apache.hadoop.mapreduce.v2.app.rm.RMContainerRequestor: nodeBlacklistingEnabled:true ,,"2015-10-17 18:09:24,986",INFO,[main]
org.apache.hadoop.mapreduce.v2.app.rm.RMContainerRequestor: * is * ,,"2015-10-17 18:09:24,986",INFO,[main]
org.apache.hadoop.mapreduce.v2.app.rm.RMContainerRequestor: * is * ,,"2015-10-17 18:09:24,986",INFO,[main]
org.apache.hadoop.yarn.client.RMProxy: Connecting to ResourceManager at * ,,"2015-10-17 18:09:25,048",INFO,[main]
"org.apache.hadoop.mapreduce.v2.app.rm.RMContainerAllocator: maxContainerCapability: <memory:8192, vCores:32> ",,"2015-10-17 18:09:25,142",INFO,[main]
org.apache.hadoop.mapreduce.v2.app.rm.RMContainerAllocator: queue: default ,,"2015-10-17 18:09:25,142",INFO,[main]
org.apache.hadoop.mapreduce.v2.app.launcher.ContainerLauncherImpl: Upper limit on the thread pool size is 500 ,,"2015-10-17 18:09:25,158",INFO,[main]
org.apache.hadoop.yarn.client.api.impl.ContainerManagementProtocolProxy: yarn.client.max-cached-nodemanagers-proxies : 0 ,,"2015-10-17 18:09:25,158",INFO,[main]
org.apache.hadoop.mapreduce.v2.app.job.impl.JobImpl: * Transitioned from * to * ,,"2015-10-17 18:09:25,158",INFO,[AsyncDispatcher event handler]
* Processing the event EventType: * ,"[['2015-10-17', '18:09:25,173', 'INFO', '[CommitterEvent', 'Processor', '#0]', 'org.apache.hadoop.mapreduce.v2.app.commit.CommitterEventHandler:'], ['JOB_SETUP']]","2015-10-17 18:09:25,173",INFO,[CommitterEvent Processor #0]
org.apache.hadoop.mapreduce.v2.app.job.impl.JobImpl: * Transitioned from * to * ,,"2015-10-17 18:09:25,189",INFO,[AsyncDispatcher event handler]
org.apache.hadoop.yarn.util.RackResolver: Resolved * to /default-rack ,,"2015-10-17 18:09:25,236",INFO,[AsyncDispatcher event handler]
org.apache.hadoop.yarn.util.RackResolver: Resolved * to /default-rack ,,"2015-10-17 18:09:25,251",INFO,[AsyncDispatcher event handler]
org.apache.hadoop.mapreduce.v2.app.job.impl.TaskImpl: * Task Transitioned from * to * ,,"2015-10-17 18:09:25,251",INFO,[AsyncDispatcher event handler]
org.apache.hadoop.yarn.util.RackResolver: Resolved * to /default-rack ,,"2015-10-17 18:09:25,251",INFO,[AsyncDispatcher event handler]
org.apache.hadoop.yarn.util.RackResolver: Resolved * to /default-rack ,,"2015-10-17 18:09:25,251",INFO,[AsyncDispatcher event handler]
org.apache.hadoop.mapreduce.v2.app.job.impl.TaskImpl: * Task Transitioned from * to * ,,"2015-10-17 18:09:25,251",INFO,[AsyncDispatcher event handler]
org.apache.hadoop.yarn.util.RackResolver: Resolved * to /default-rack ,,"2015-10-17 18:09:25,251",INFO,[AsyncDispatcher event handler]
org.apache.hadoop.yarn.util.RackResolver: Resolved * to /default-rack ,,"2015-10-17 18:09:25,251",INFO,[AsyncDispatcher event handler]
org.apache.hadoop.mapreduce.v2.app.job.impl.TaskImpl: * Task Transitioned from * to * ,,"2015-10-17 18:09:25,251",INFO,[AsyncDispatcher event handler]
org.apache.hadoop.yarn.util.RackResolver: Resolved * to /default-rack ,,"2015-10-17 18:09:25,251",INFO,[AsyncDispatcher event handler]
org.apache.hadoop.yarn.util.RackResolver: Resolved * to /default-rack ,,"2015-10-17 18:09:25,251",INFO,[AsyncDispatcher event handler]
org.apache.hadoop.mapreduce.v2.app.job.impl.TaskImpl: * Task Transitioned from * to * ,,"2015-10-17 18:09:25,251",INFO,[AsyncDispatcher event handler]
org.apache.hadoop.yarn.util.RackResolver: Resolved * to /default-rack ,,"2015-10-17 18:09:25,251",INFO,[AsyncDispatcher event handler]
org.apache.hadoop.yarn.util.RackResolver: Resolved * to /default-rack ,,"2015-10-17 18:09:25,251",INFO,[AsyncDispatcher event handler]
org.apache.hadoop.mapreduce.v2.app.job.impl.TaskImpl: * Task Transitioned from * to * ,,"2015-10-17 18:09:25,251",INFO,[AsyncDispatcher event handler]
org.apache.hadoop.yarn.util.RackResolver: Resolved * to /default-rack ,,"2015-10-17 18:09:25,251",INFO,[AsyncDispatcher event handler]
org.apache.hadoop.yarn.util.RackResolver: Resolved * to /default-rack ,,"2015-10-17 18:09:25,251",INFO,[AsyncDispatcher event handler]
org.apache.hadoop.mapreduce.v2.app.job.impl.TaskImpl: * Task Transitioned from * to * ,,"2015-10-17 18:09:25,251",INFO,[AsyncDispatcher event handler]
org.apache.hadoop.yarn.util.RackResolver: Resolved * to /default-rack ,,"2015-10-17 18:09:25,251",INFO,[AsyncDispatcher event handler]
org.apache.hadoop.yarn.util.RackResolver: Resolved * to /default-rack ,,"2015-10-17 18:09:25,251",INFO,[AsyncDispatcher event handler]
org.apache.hadoop.mapreduce.v2.app.job.impl.TaskImpl: * Task Transitioned from * to * ,,"2015-10-17 18:09:25,251",INFO,[AsyncDispatcher event handler]
org.apache.hadoop.yarn.util.RackResolver: Resolved * to /default-rack ,,"2015-10-17 18:09:25,251",INFO,[AsyncDispatcher event handler]
org.apache.hadoop.yarn.util.RackResolver: Resolved * to /default-rack ,,"2015-10-17 18:09:25,251",INFO,[AsyncDispatcher event handler]
org.apache.hadoop.mapreduce.v2.app.job.impl.TaskImpl: * Task Transitioned from * to * ,,"2015-10-17 18:09:25,251",INFO,[AsyncDispatcher event handler]
org.apache.hadoop.yarn.util.RackResolver: Resolved * to /default-rack ,,"2015-10-17 18:09:25,251",INFO,[AsyncDispatcher event handler]
org.apache.hadoop.yarn.util.RackResolver: Resolved * to /default-rack ,,"2015-10-17 18:09:25,251",INFO,[AsyncDispatcher event handler]
org.apache.hadoop.mapreduce.v2.app.job.impl.TaskImpl: * Task Transitioned from * to * ,,"2015-10-17 18:09:25,251",INFO,[AsyncDispatcher event handler]
org.apache.hadoop.yarn.util.RackResolver: Resolved * to /default-rack ,,"2015-10-17 18:09:25,251",INFO,[AsyncDispatcher event handler]
org.apache.hadoop.yarn.util.RackResolver: Resolved * to /default-rack ,,"2015-10-17 18:09:25,251",INFO,[AsyncDispatcher event handler]
org.apache.hadoop.mapreduce.v2.app.job.impl.TaskImpl: * Task Transitioned from * to * ,,"2015-10-17 18:09:25,251",INFO,[AsyncDispatcher event handler]
org.apache.hadoop.mapreduce.v2.app.job.impl.TaskImpl: * Task Transitioned from * to * ,,"2015-10-17 18:09:25,251",INFO,[AsyncDispatcher event handler]
org.apache.hadoop.mapreduce.v2.app.job.impl.TaskAttemptImpl: * TaskAttempt Transitioned from * to * ,,"2015-10-17 18:09:25,251",INFO,[AsyncDispatcher event handler]
org.apache.hadoop.mapreduce.v2.app.job.impl.TaskAttemptImpl: * TaskAttempt Transitioned from * to * ,,"2015-10-17 18:09:25,251",INFO,[AsyncDispatcher event handler]
org.apache.hadoop.mapreduce.v2.app.job.impl.TaskAttemptImpl: * TaskAttempt Transitioned from * to * ,,"2015-10-17 18:09:25,251",INFO,[AsyncDispatcher event handler]
org.apache.hadoop.mapreduce.v2.app.job.impl.TaskAttemptImpl: * TaskAttempt Transitioned from * to * ,,"2015-10-17 18:09:25,251",INFO,[AsyncDispatcher event handler]
org.apache.hadoop.mapreduce.v2.app.job.impl.TaskAttemptImpl: * TaskAttempt Transitioned from * to * ,,"2015-10-17 18:09:25,251",INFO,[AsyncDispatcher event handler]
org.apache.hadoop.mapreduce.v2.app.job.impl.TaskAttemptImpl: * TaskAttempt Transitioned from * to * ,,"2015-10-17 18:09:25,251",INFO,[AsyncDispatcher event handler]
org.apache.hadoop.mapreduce.v2.app.job.impl.TaskAttemptImpl: * TaskAttempt Transitioned from * to * ,,"2015-10-17 18:09:25,251",INFO,[AsyncDispatcher event handler]
org.apache.hadoop.mapreduce.v2.app.job.impl.TaskAttemptImpl: * TaskAttempt Transitioned from * to * ,,"2015-10-17 18:09:25,251",INFO,[AsyncDispatcher event handler]
org.apache.hadoop.mapreduce.v2.app.job.impl.TaskAttemptImpl: * TaskAttempt Transitioned from * to * ,,"2015-10-17 18:09:25,251",INFO,[AsyncDispatcher event handler]
org.apache.hadoop.mapreduce.v2.app.job.impl.TaskAttemptImpl: * TaskAttempt Transitioned from * to * ,,"2015-10-17 18:09:25,251",INFO,[AsyncDispatcher event handler]
org.apache.hadoop.mapreduce.v2.app.job.impl.TaskAttemptImpl: * TaskAttempt Transitioned from * to * ,,"2015-10-17 18:09:25,251",INFO,[AsyncDispatcher event handler]
org.apache.hadoop.mapreduce.v2.app.rm.RMContainerAllocator: * vCores:1> ,,"2015-10-17 18:09:25,267",INFO,[Thread-50]
org.apache.hadoop.mapreduce.v2.app.rm.RMContainerAllocator: * vCores:1> ,,"2015-10-17 18:09:25,267",INFO,[Thread-50]
org.apache.hadoop.mapreduce.jobhistory.JobHistoryEventHandler: Event Writer setup for JobId: * File: * ,,"2015-10-17 18:09:25,314",INFO,[eventHandlingThread]
org.apache.hadoop.mapreduce.v2.app.rm.RMContainerAllocator: * Scheduling: PendingReds:1 * ScheduledReds:0 * AssignedReds:0 * CompletedReds:0 * ContRel:0 * ,,"2015-10-17 18:09:26,173",INFO,[RMCommunicator Allocator]
org.apache.hadoop.mapreduce.v2.app.rm.RMContainerRequestor: getResources() for * release= 0 newContainers=0 * ,,"2015-10-17 18:09:26,376",INFO,[RMCommunicator Allocator]
"org.apache.hadoop.mapreduce.v2.app.rm.RMContainerAllocator: Recalculating schedule, * ",,"2015-10-17 18:09:26,392",INFO,[RMCommunicator Allocator]
org.apache.hadoop.mapreduce.v2.app.rm.RMContainerAllocator: Reduce slow start threshold * ,,"2015-10-17 18:09:26,392",INFO,[RMCommunicator Allocator]
"org.apache.hadoop.mapreduce.v2.app.rm.RMContainerAllocator: Recalculating schedule, * ",,"2015-10-17 18:09:27,392",INFO,[RMCommunicator Allocator]
org.apache.hadoop.mapreduce.v2.app.rm.RMContainerAllocator: Reduce slow start threshold * ,,"2015-10-17 18:09:27,392",INFO,[RMCommunicator Allocator]
org.apache.hadoop.mapreduce.v2.app.rm.RMContainerAllocator: Got allocated containers * ,,"2015-10-17 18:09:28,408",INFO,[RMCommunicator Allocator]
org.apache.hadoop.yarn.util.RackResolver: Resolved * to /default-rack ,,"2015-10-17 18:09:28,408",INFO,[RMCommunicator Allocator]
org.apache.hadoop.mapreduce.v2.app.rm.RMContainerAllocator: Assigned * to * ,,"2015-10-17 18:09:28,408",INFO,[RMCommunicator Allocator]
"org.apache.hadoop.mapreduce.v2.app.rm.RMContainerAllocator: Recalculating schedule, * ",,"2015-10-17 18:09:28,408",INFO,[RMCommunicator Allocator]
org.apache.hadoop.mapreduce.v2.app.rm.RMContainerAllocator: Reduce slow start threshold * ,,"2015-10-17 18:09:28,408",INFO,[RMCommunicator Allocator]
org.apache.hadoop.mapreduce.v2.app.rm.RMContainerAllocator: After Scheduling: PendingReds:1 * ScheduledReds:0 * AssignedReds:0 CompletedMaps:0 CompletedReds:0 * ,,"2015-10-17 18:09:28,408",INFO,[RMCommunicator Allocator]
org.apache.hadoop.yarn.util.RackResolver: Resolved * to /default-rack ,,"2015-10-17 18:09:28,502",INFO,[AsyncDispatcher event handler]
org.apache.hadoop.mapreduce.v2.app.job.impl.TaskAttemptImpl: The * file on the remote FS is * ,,"2015-10-17 18:09:28,533",INFO,[AsyncDispatcher event handler]
org.apache.hadoop.mapreduce.v2.app.job.impl.TaskAttemptImpl: The * file on the remote FS is * ,,"2015-10-17 18:09:28,533",INFO,[AsyncDispatcher event handler]
org.apache.hadoop.mapreduce.v2.app.job.impl.TaskAttemptImpl: Adding #0 tokens and #1 secret keys for NM use for launching container ,,"2015-10-17 18:09:28,548",INFO,[AsyncDispatcher event handler]
org.apache.hadoop.mapreduce.v2.app.job.impl.TaskAttemptImpl: Size of containertokens_dob is 1 ,,"2015-10-17 18:09:28,548",INFO,[AsyncDispatcher event handler]
org.apache.hadoop.mapreduce.v2.app.job.impl.TaskAttemptImpl: Putting shuffle token in serviceData ,,"2015-10-17 18:09:28,548",INFO,[AsyncDispatcher event handler]
org.apache.hadoop.mapreduce.v2.app.job.impl.TaskAttemptImpl: * TaskAttempt Transitioned from * to * ,,"2015-10-17 18:09:28,627",INFO,[AsyncDispatcher event handler]
org.apache.hadoop.mapreduce.v2.app.launcher.ContainerLauncherImpl: Processing the event EventType: * for container * taskAttempt * ,,"2015-10-17 18:09:28,627",INFO,[ContainerLauncher #0]
org.apache.hadoop.mapreduce.v2.app.launcher.ContainerLauncherImpl: Launching * ,,"2015-10-17 18:09:28,627",INFO,[ContainerLauncher #0]
org.apache.hadoop.yarn.client.api.impl.ContainerManagementProtocolProxy: Opening proxy : * ,,"2015-10-17 18:09:28,627",INFO,[ContainerLauncher #0]
org.apache.hadoop.mapreduce.v2.app.launcher.ContainerLauncherImpl: Shuffle port returned by ContainerManager for * : 13562 ,,"2015-10-17 18:09:28,814",INFO,[ContainerLauncher #0]
org.apache.hadoop.mapreduce.v2.app.job.impl.TaskAttemptImpl: TaskAttempt: * using containerId: * on NM: * ,,"2015-10-17 18:09:28,814",INFO,[AsyncDispatcher event handler]
org.apache.hadoop.mapreduce.v2.app.job.impl.TaskAttemptImpl: * TaskAttempt Transitioned from * to * ,,"2015-10-17 18:09:28,814",INFO,[AsyncDispatcher event handler]
org.apache.hadoop.mapreduce.v2.app.speculate.DefaultSpeculator: ATTEMPT_START * ,,"2015-10-17 18:09:28,814",INFO,[AsyncDispatcher event handler]
org.apache.hadoop.mapreduce.v2.app.job.impl.TaskImpl: * Task Transitioned from * to * ,,"2015-10-17 18:09:28,814",INFO,[AsyncDispatcher event handler]
org.apache.hadoop.mapreduce.v2.app.rm.RMContainerRequestor: getResources() for * release= 0 newContainers=0 * ,,"2015-10-17 18:09:29,408",INFO,[RMCommunicator Allocator]
"org.apache.hadoop.mapreduce.v2.app.rm.RMContainerAllocator: Recalculating schedule, * ",,"2015-10-17 18:09:29,408",INFO,[RMCommunicator Allocator]
org.apache.hadoop.mapreduce.v2.app.rm.RMContainerAllocator: Reduce slow start threshold * ,,"2015-10-17 18:09:29,408",INFO,[RMCommunicator Allocator]
org.apache.hadoop.mapreduce.v2.app.rm.RMContainerAllocator: Got allocated containers * ,,"2015-10-17 18:09:30,423",INFO,[RMCommunicator Allocator]
org.apache.hadoop.yarn.util.RackResolver: Resolved * to /default-rack ,,"2015-10-17 18:09:30,423",INFO,[RMCommunicator Allocator]
org.apache.hadoop.mapreduce.v2.app.rm.RMContainerAllocator: Assigned * to * ,,"2015-10-17 18:09:30,423",INFO,[RMCommunicator Allocator]
"org.apache.hadoop.mapreduce.v2.app.rm.RMContainerAllocator: Recalculating schedule, * ",,"2015-10-17 18:09:30,423",INFO,[RMCommunicator Allocator]
org.apache.hadoop.mapreduce.v2.app.rm.RMContainerAllocator: Reduce slow start threshold * ,,"2015-10-17 18:09:30,423",INFO,[RMCommunicator Allocator]
org.apache.hadoop.mapreduce.v2.app.rm.RMContainerAllocator: After Scheduling: PendingReds:1 * ScheduledReds:0 * AssignedReds:0 CompletedMaps:0 CompletedReds:0 * ,,"2015-10-17 18:09:30,423",INFO,[RMCommunicator Allocator]
org.apache.hadoop.yarn.util.RackResolver: Resolved * to /default-rack ,,"2015-10-17 18:09:30,423",INFO,[AsyncDispatcher event handler]
org.apache.hadoop.mapreduce.v2.app.job.impl.TaskAttemptImpl: * TaskAttempt Transitioned from * to * ,,"2015-10-17 18:09:30,423",INFO,[AsyncDispatcher event handler]
org.apache.hadoop.mapreduce.v2.app.launcher.ContainerLauncherImpl: Processing the event EventType: * for container * taskAttempt * ,,"2015-10-17 18:09:30,455",INFO,[ContainerLauncher #1]
org.apache.hadoop.mapreduce.v2.app.launcher.ContainerLauncherImpl: Launching * ,,"2015-10-17 18:09:30,455",INFO,[ContainerLauncher #1]
org.apache.hadoop.yarn.client.api.impl.ContainerManagementProtocolProxy: Opening proxy : * ,,"2015-10-17 18:09:30,455",INFO,[ContainerLauncher #1]
org.apache.hadoop.mapreduce.v2.app.launcher.ContainerLauncherImpl: Shuffle port returned by ContainerManager for * : 13562 ,,"2015-10-17 18:09:30,767",INFO,[ContainerLauncher #1]
org.apache.hadoop.mapreduce.v2.app.job.impl.TaskAttemptImpl: TaskAttempt: * using containerId: * on NM: * ,,"2015-10-17 18:09:30,767",INFO,[AsyncDispatcher event handler]
org.apache.hadoop.mapreduce.v2.app.job.impl.TaskAttemptImpl: * TaskAttempt Transitioned from * to * ,,"2015-10-17 18:09:30,767",INFO,[AsyncDispatcher event handler]
org.apache.hadoop.mapreduce.v2.app.speculate.DefaultSpeculator: ATTEMPT_START * ,,"2015-10-17 18:09:30,767",INFO,[AsyncDispatcher event handler]
org.apache.hadoop.mapreduce.v2.app.job.impl.TaskImpl: * Task Transitioned from * to * ,,"2015-10-17 18:09:30,767",INFO,[AsyncDispatcher event handler]
org.apache.hadoop.mapreduce.v2.app.rm.RMContainerRequestor: getResources() for * release= 0 * knownNMs=5 ,,"2015-10-17 18:09:31,580",INFO,[RMCommunicator Allocator]
org.apache.hadoop.mapreduce.v2.app.rm.RMContainerAllocator: Got allocated containers * ,,"2015-10-17 18:09:31,580",INFO,[RMCommunicator Allocator]
org.apache.hadoop.yarn.util.RackResolver: Resolved * to /default-rack ,,"2015-10-17 18:09:31,580",INFO,[RMCommunicator Allocator]
org.apache.hadoop.mapreduce.v2.app.rm.RMContainerAllocator: Assigned * to * ,,"2015-10-17 18:09:31,580",INFO,[RMCommunicator Allocator]
org.apache.hadoop.yarn.util.RackResolver: Resolved * to /default-rack ,,"2015-10-17 18:09:31,580",INFO,[AsyncDispatcher event handler]
org.apache.hadoop.mapreduce.v2.app.job.impl.TaskAttemptImpl: * TaskAttempt Transitioned from * to * ,,"2015-10-17 18:09:31,580",INFO,[AsyncDispatcher event handler]
org.apache.hadoop.yarn.util.RackResolver: Resolved * to /default-rack ,,"2015-10-17 18:09:31,611",INFO,[RMCommunicator Allocator]
org.apache.hadoop.mapreduce.v2.app.rm.RMContainerAllocator: Assigned * to * ,,"2015-10-17 18:09:31,611",INFO,[RMCommunicator Allocator]
org.apache.hadoop.yarn.util.RackResolver: Resolved * to /default-rack ,,"2015-10-17 18:09:31,611",INFO,[RMCommunicator Allocator]
org.apache.hadoop.mapreduce.v2.app.rm.RMContainerAllocator: Assigned * to * ,,"2015-10-17 18:09:31,611",INFO,[RMCommunicator Allocator]
"org.apache.hadoop.mapreduce.v2.app.rm.RMContainerAllocator: Recalculating schedule, * ",,"2015-10-17 18:09:31,611",INFO,[RMCommunicator Allocator]
org.apache.hadoop.mapreduce.v2.app.rm.RMContainerAllocator: Reduce slow start threshold * ,,"2015-10-17 18:09:31,611",INFO,[RMCommunicator Allocator]
org.apache.hadoop.mapreduce.v2.app.rm.RMContainerAllocator: After Scheduling: PendingReds:1 * ScheduledReds:0 * AssignedReds:0 CompletedMaps:0 CompletedReds:0 * ,,"2015-10-17 18:09:31,611",INFO,[RMCommunicator Allocator]
org.apache.hadoop.yarn.util.RackResolver: Resolved * to /default-rack ,,"2015-10-17 18:09:31,611",INFO,[AsyncDispatcher event handler]
org.apache.hadoop.mapreduce.v2.app.job.impl.TaskAttemptImpl: * TaskAttempt Transitioned from * to * ,,"2015-10-17 18:09:31,611",INFO,[AsyncDispatcher event handler]
org.apache.hadoop.yarn.util.RackResolver: Resolved * to /default-rack ,,"2015-10-17 18:09:31,611",INFO,[AsyncDispatcher event handler]
org.apache.hadoop.mapreduce.v2.app.job.impl.TaskAttemptImpl: * TaskAttempt Transitioned from * to * ,,"2015-10-17 18:09:31,611",INFO,[AsyncDispatcher event handler]
org.apache.hadoop.mapreduce.v2.app.launcher.ContainerLauncherImpl: Processing the event EventType: * for container * taskAttempt * ,,"2015-10-17 18:09:31,705",INFO,[ContainerLauncher #2]
org.apache.hadoop.mapreduce.v2.app.launcher.ContainerLauncherImpl: Launching * ,,"2015-10-17 18:09:31,705",INFO,[ContainerLauncher #2]
org.apache.hadoop.yarn.client.api.impl.ContainerManagementProtocolProxy: Opening proxy : * ,,"2015-10-17 18:09:31,705",INFO,[ContainerLauncher #2]
org.apache.hadoop.mapreduce.v2.app.launcher.ContainerLauncherImpl: Processing the event EventType: * for container * taskAttempt * ,,"2015-10-17 18:09:31,720",INFO,[ContainerLauncher #4]
org.apache.hadoop.mapreduce.v2.app.launcher.ContainerLauncherImpl: Launching * ,,"2015-10-17 18:09:31,720",INFO,[ContainerLauncher #4]
org.apache.hadoop.mapreduce.v2.app.launcher.ContainerLauncherImpl: Processing the event EventType: * for container * taskAttempt * ,,"2015-10-17 18:09:31,720",INFO,[ContainerLauncher #3]
org.apache.hadoop.mapreduce.v2.app.launcher.ContainerLauncherImpl: Launching * ,,"2015-10-17 18:09:31,720",INFO,[ContainerLauncher #3]
org.apache.hadoop.yarn.client.api.impl.ContainerManagementProtocolProxy: Opening proxy : * ,,"2015-10-17 18:09:31,720",INFO,[ContainerLauncher #3]
org.apache.hadoop.yarn.client.api.impl.ContainerManagementProtocolProxy: Opening proxy : * ,,"2015-10-17 18:09:31,720",INFO,[ContainerLauncher #4]
org.apache.hadoop.mapreduce.v2.app.launcher.ContainerLauncherImpl: Shuffle port returned by ContainerManager for * : 13562 ,,"2015-10-17 18:09:31,814",INFO,[ContainerLauncher #3]
org.apache.hadoop.mapreduce.v2.app.job.impl.TaskAttemptImpl: TaskAttempt: * using containerId: * on NM: * ,,"2015-10-17 18:09:31,814",INFO,[AsyncDispatcher event handler]
org.apache.hadoop.mapreduce.v2.app.job.impl.TaskAttemptImpl: * TaskAttempt Transitioned from * to * ,,"2015-10-17 18:09:31,814",INFO,[AsyncDispatcher event handler]
org.apache.hadoop.mapreduce.v2.app.speculate.DefaultSpeculator: ATTEMPT_START * ,,"2015-10-17 18:09:31,814",INFO,[AsyncDispatcher event handler]
org.apache.hadoop.mapreduce.v2.app.job.impl.TaskImpl: * Task Transitioned from * to * ,,"2015-10-17 18:09:31,814",INFO,[AsyncDispatcher event handler]
org.apache.hadoop.mapreduce.v2.app.launcher.ContainerLauncherImpl: Shuffle port returned by ContainerManager for * : 13562 ,,"2015-10-17 18:09:32,002",INFO,[ContainerLauncher #2]
org.apache.hadoop.mapreduce.v2.app.job.impl.TaskAttemptImpl: TaskAttempt: * using containerId: * on NM: * ,,"2015-10-17 18:09:32,002",INFO,[AsyncDispatcher event handler]
org.apache.hadoop.mapreduce.v2.app.job.impl.TaskAttemptImpl: * TaskAttempt Transitioned from * to * ,,"2015-10-17 18:09:32,002",INFO,[AsyncDispatcher event handler]
org.apache.hadoop.mapreduce.v2.app.speculate.DefaultSpeculator: ATTEMPT_START * ,,"2015-10-17 18:09:32,002",INFO,[AsyncDispatcher event handler]
org.apache.hadoop.mapreduce.v2.app.job.impl.TaskImpl: * Task Transitioned from * to * ,,"2015-10-17 18:09:32,002",INFO,[AsyncDispatcher event handler]
org.apache.hadoop.mapreduce.v2.app.launcher.ContainerLauncherImpl: Shuffle port returned by ContainerManager for * : 13562 ,,"2015-10-17 18:09:32,080",INFO,[ContainerLauncher #4]
org.apache.hadoop.mapreduce.v2.app.job.impl.TaskAttemptImpl: TaskAttempt: * using containerId: * on NM: * ,,"2015-10-17 18:09:32,080",INFO,[AsyncDispatcher event handler]
org.apache.hadoop.mapreduce.v2.app.job.impl.TaskAttemptImpl: * TaskAttempt Transitioned from * to * ,,"2015-10-17 18:09:32,080",INFO,[AsyncDispatcher event handler]
org.apache.hadoop.mapreduce.v2.app.speculate.DefaultSpeculator: ATTEMPT_START * ,,"2015-10-17 18:09:32,080",INFO,[AsyncDispatcher event handler]
org.apache.hadoop.mapreduce.v2.app.job.impl.TaskImpl: * Task Transitioned from * to * ,,"2015-10-17 18:09:32,080",INFO,[AsyncDispatcher event handler]
SecurityLogger.org.apache.hadoop.ipc.Server: Auth successful for * (auth:SIMPLE) ,,"2015-10-17 18:09:32,595",INFO,[Socket Reader #1 for port 52839]
org.apache.hadoop.mapreduce.v2.app.rm.RMContainerRequestor: getResources() for * release= 0 * knownNMs=5 ,,"2015-10-17 18:09:32,689",INFO,[RMCommunicator Allocator]
org.apache.hadoop.mapreduce.v2.app.rm.RMContainerAllocator: Got allocated containers * ,,"2015-10-17 18:09:32,689",INFO,[RMCommunicator Allocator]
org.apache.hadoop.yarn.util.RackResolver: Resolved * to /default-rack ,,"2015-10-17 18:09:32,689",INFO,[RMCommunicator Allocator]
org.apache.hadoop.mapreduce.v2.app.rm.RMContainerAllocator: Assigned * to * ,,"2015-10-17 18:09:32,689",INFO,[RMCommunicator Allocator]
org.apache.hadoop.yarn.util.RackResolver: Resolved * to /default-rack ,,"2015-10-17 18:09:32,689",INFO,[RMCommunicator Allocator]
org.apache.hadoop.mapreduce.v2.app.rm.RMContainerAllocator: Assigned * to * ,,"2015-10-17 18:09:32,689",INFO,[RMCommunicator Allocator]
"org.apache.hadoop.mapreduce.v2.app.rm.RMContainerAllocator: Recalculating schedule, * ",,"2015-10-17 18:09:32,689",INFO,[RMCommunicator Allocator]
org.apache.hadoop.mapreduce.v2.app.rm.RMContainerAllocator: Reduce slow start threshold * ,,"2015-10-17 18:09:32,689",INFO,[RMCommunicator Allocator]
org.apache.hadoop.mapreduce.v2.app.rm.RMContainerAllocator: After Scheduling: PendingReds:1 * ScheduledReds:0 * AssignedReds:0 CompletedMaps:0 CompletedReds:0 * ,,"2015-10-17 18:09:32,689",INFO,[RMCommunicator Allocator]
org.apache.hadoop.yarn.util.RackResolver: Resolved * to /default-rack ,,"2015-10-17 18:09:32,689",INFO,[AsyncDispatcher event handler]
org.apache.hadoop.mapreduce.v2.app.job.impl.TaskAttemptImpl: * TaskAttempt Transitioned from * to * ,,"2015-10-17 18:09:32,689",INFO,[AsyncDispatcher event handler]
org.apache.hadoop.yarn.util.RackResolver: Resolved * to /default-rack ,,"2015-10-17 18:09:32,689",INFO,[AsyncDispatcher event handler]
org.apache.hadoop.mapreduce.v2.app.job.impl.TaskAttemptImpl: * TaskAttempt Transitioned from * to * ,,"2015-10-17 18:09:32,689",INFO,[AsyncDispatcher event handler]
org.apache.hadoop.mapreduce.v2.app.launcher.ContainerLauncherImpl: Processing the event EventType: * for container * taskAttempt * ,,"2015-10-17 18:09:32,752",INFO,[ContainerLauncher #5]
org.apache.hadoop.mapreduce.v2.app.launcher.ContainerLauncherImpl: Launching * ,,"2015-10-17 18:09:32,752",INFO,[ContainerLauncher #5]
org.apache.hadoop.yarn.client.api.impl.ContainerManagementProtocolProxy: Opening proxy : * ,,"2015-10-17 18:09:32,752",INFO,[ContainerLauncher #5]
org.apache.hadoop.mapreduce.v2.app.launcher.ContainerLauncherImpl: Processing the event EventType: * for container * taskAttempt * ,,"2015-10-17 18:09:32,767",INFO,[ContainerLauncher #6]
org.apache.hadoop.mapreduce.v2.app.launcher.ContainerLauncherImpl: Launching * ,,"2015-10-17 18:09:32,767",INFO,[ContainerLauncher #6]
org.apache.hadoop.yarn.client.api.impl.ContainerManagementProtocolProxy: Opening proxy : * ,,"2015-10-17 18:09:32,783",INFO,[ContainerLauncher #6]
org.apache.hadoop.mapred.TaskAttemptListenerImpl: JVM with ID : * asked for a task ,,"2015-10-17 18:09:32,814",INFO,[IPC Server handler 19 on 52839]
org.apache.hadoop.mapred.TaskAttemptListenerImpl: JVM with ID: * given task: * ,,"2015-10-17 18:09:32,814",INFO,[IPC Server handler 19 on 52839]
org.apache.hadoop.mapreduce.v2.app.launcher.ContainerLauncherImpl: Shuffle port returned by ContainerManager for * : 13562 ,,"2015-10-17 18:09:32,970",INFO,[ContainerLauncher #5]
org.apache.hadoop.mapreduce.v2.app.job.impl.TaskAttemptImpl: TaskAttempt: * using containerId: * on NM: * ,,"2015-10-17 18:09:32,970",INFO,[AsyncDispatcher event handler]
org.apache.hadoop.mapreduce.v2.app.job.impl.TaskAttemptImpl: * TaskAttempt Transitioned from * to * ,,"2015-10-17 18:09:32,970",INFO,[AsyncDispatcher event handler]
org.apache.hadoop.mapreduce.v2.app.speculate.DefaultSpeculator: ATTEMPT_START * ,,"2015-10-17 18:09:32,970",INFO,[AsyncDispatcher event handler]
org.apache.hadoop.mapreduce.v2.app.job.impl.TaskImpl: * Task Transitioned from * to * ,,"2015-10-17 18:09:32,970",INFO,[AsyncDispatcher event handler]
org.apache.hadoop.mapreduce.v2.app.launcher.ContainerLauncherImpl: Shuffle port returned by ContainerManager for * : 13562 ,,"2015-10-17 18:09:33,564",INFO,[ContainerLauncher #6]
org.apache.hadoop.mapreduce.v2.app.job.impl.TaskAttemptImpl: TaskAttempt: * using containerId: * on NM: * ,,"2015-10-17 18:09:33,564",INFO,[AsyncDispatcher event handler]
org.apache.hadoop.mapreduce.v2.app.job.impl.TaskAttemptImpl: * TaskAttempt Transitioned from * to * ,,"2015-10-17 18:09:33,564",INFO,[AsyncDispatcher event handler]
org.apache.hadoop.mapreduce.v2.app.speculate.DefaultSpeculator: ATTEMPT_START * ,,"2015-10-17 18:09:33,564",INFO,[AsyncDispatcher event handler]
org.apache.hadoop.mapreduce.v2.app.job.impl.TaskImpl: * Task Transitioned from * to * ,,"2015-10-17 18:09:33,564",INFO,[AsyncDispatcher event handler]
org.apache.hadoop.mapreduce.v2.app.rm.RMContainerRequestor: getResources() for * release= 0 * knownNMs=5 ,,"2015-10-17 18:09:33,939",INFO,[RMCommunicator Allocator]
org.apache.hadoop.mapreduce.v2.app.rm.RMContainerAllocator: Got allocated containers * ,,"2015-10-17 18:09:33,939",INFO,[RMCommunicator Allocator]
org.apache.hadoop.yarn.util.RackResolver: Resolved * to /default-rack ,,"2015-10-17 18:09:33,939",INFO,[RMCommunicator Allocator]
org.apache.hadoop.mapreduce.v2.app.rm.RMContainerAllocator: Assigned * to * ,,"2015-10-17 18:09:33,939",INFO,[RMCommunicator Allocator]
"org.apache.hadoop.mapreduce.v2.app.rm.RMContainerAllocator: Recalculating schedule, * ",,"2015-10-17 18:09:33,939",INFO,[RMCommunicator Allocator]
org.apache.hadoop.mapreduce.v2.app.rm.RMContainerAllocator: Reduce slow start threshold * ,,"2015-10-17 18:09:33,939",INFO,[RMCommunicator Allocator]
org.apache.hadoop.mapreduce.v2.app.rm.RMContainerAllocator: After Scheduling: PendingReds:1 * ScheduledReds:0 * AssignedReds:0 CompletedMaps:0 CompletedReds:0 * ,,"2015-10-17 18:09:33,939",INFO,[RMCommunicator Allocator]
org.apache.hadoop.yarn.util.RackResolver: Resolved * to /default-rack ,,"2015-10-17 18:09:33,939",INFO,[AsyncDispatcher event handler]
org.apache.hadoop.mapreduce.v2.app.job.impl.TaskAttemptImpl: * TaskAttempt Transitioned from * to * ,,"2015-10-17 18:09:33,939",INFO,[AsyncDispatcher event handler]
org.apache.hadoop.mapreduce.v2.app.launcher.ContainerLauncherImpl: Processing the event EventType: * for container * taskAttempt * ,,"2015-10-17 18:09:34,096",INFO,[ContainerLauncher #7]
org.apache.hadoop.mapreduce.v2.app.launcher.ContainerLauncherImpl: Launching * ,,"2015-10-17 18:09:34,096",INFO,[ContainerLauncher #7]
org.apache.hadoop.yarn.client.api.impl.ContainerManagementProtocolProxy: Opening proxy : * ,,"2015-10-17 18:09:34,096",INFO,[ContainerLauncher #7]
org.apache.hadoop.mapreduce.v2.app.launcher.ContainerLauncherImpl: Shuffle port returned by ContainerManager for * : 13562 ,,"2015-10-17 18:09:34,455",INFO,[ContainerLauncher #7]
org.apache.hadoop.mapreduce.v2.app.job.impl.TaskAttemptImpl: TaskAttempt: * using containerId: * on NM: * ,,"2015-10-17 18:09:34,455",INFO,[AsyncDispatcher event handler]
org.apache.hadoop.mapreduce.v2.app.job.impl.TaskAttemptImpl: * TaskAttempt Transitioned from * to * ,,"2015-10-17 18:09:34,455",INFO,[AsyncDispatcher event handler]
org.apache.hadoop.mapreduce.v2.app.speculate.DefaultSpeculator: ATTEMPT_START * ,,"2015-10-17 18:09:34,455",INFO,[AsyncDispatcher event handler]
org.apache.hadoop.mapreduce.v2.app.job.impl.TaskImpl: * Task Transitioned from * to * ,,"2015-10-17 18:09:34,455",INFO,[AsyncDispatcher event handler]
org.apache.hadoop.mapreduce.v2.app.rm.RMContainerRequestor: getResources() for * release= 0 * knownNMs=5 ,,"2015-10-17 18:09:34,971",INFO,[RMCommunicator Allocator]
org.apache.hadoop.mapreduce.v2.app.rm.RMContainerAllocator: Got allocated containers * ,,"2015-10-17 18:09:34,971",INFO,[RMCommunicator Allocator]
org.apache.hadoop.yarn.util.RackResolver: Resolved * to /default-rack ,,"2015-10-17 18:09:34,971",INFO,[RMCommunicator Allocator]
org.apache.hadoop.mapreduce.v2.app.rm.RMContainerAllocator: Assigned * to * ,,"2015-10-17 18:09:34,971",INFO,[RMCommunicator Allocator]
org.apache.hadoop.yarn.util.RackResolver: Resolved * to /default-rack ,,"2015-10-17 18:09:34,971",INFO,[RMCommunicator Allocator]
org.apache.hadoop.mapreduce.v2.app.rm.RMContainerAllocator: Assigned * to * ,,"2015-10-17 18:09:34,971",INFO,[RMCommunicator Allocator]
org.apache.hadoop.yarn.util.RackResolver: Resolved * to /default-rack ,,"2015-10-17 18:09:34,971",INFO,[AsyncDispatcher event handler]
"org.apache.hadoop.mapreduce.v2.app.rm.RMContainerAllocator: Recalculating schedule, * ",,"2015-10-17 18:09:34,971",INFO,[RMCommunicator Allocator]
org.apache.hadoop.mapreduce.v2.app.rm.RMContainerAllocator: Reduce slow start threshold * ,,"2015-10-17 18:09:34,971",INFO,[RMCommunicator Allocator]
org.apache.hadoop.mapreduce.v2.app.rm.RMContainerAllocator: After Scheduling: PendingReds:1 * ScheduledReds:0 * AssignedReds:0 CompletedMaps:0 CompletedReds:0 * ,,"2015-10-17 18:09:34,971",INFO,[RMCommunicator Allocator]
org.apache.hadoop.mapreduce.v2.app.job.impl.TaskAttemptImpl: * TaskAttempt Transitioned from * to * ,,"2015-10-17 18:09:34,986",INFO,[AsyncDispatcher event handler]
org.apache.hadoop.yarn.util.RackResolver: Resolved * to /default-rack ,,"2015-10-17 18:09:34,986",INFO,[AsyncDispatcher event handler]
org.apache.hadoop.mapreduce.v2.app.job.impl.TaskAttemptImpl: * TaskAttempt Transitioned from * to * ,,"2015-10-17 18:09:34,986",INFO,[AsyncDispatcher event handler]
org.apache.hadoop.mapreduce.v2.app.launcher.ContainerLauncherImpl: Processing the event EventType: * for container * taskAttempt * ,,"2015-10-17 18:09:35,017",INFO,[ContainerLauncher #8]
org.apache.hadoop.mapreduce.v2.app.launcher.ContainerLauncherImpl: Launching * ,,"2015-10-17 18:09:35,017",INFO,[ContainerLauncher #8]
org.apache.hadoop.yarn.client.api.impl.ContainerManagementProtocolProxy: Opening proxy : * ,,"2015-10-17 18:09:35,017",INFO,[ContainerLauncher #8]
org.apache.hadoop.mapreduce.v2.app.launcher.ContainerLauncherImpl: Processing the event EventType: * for container * taskAttempt * ,,"2015-10-17 18:09:35,096",INFO,[ContainerLauncher #9]
org.apache.hadoop.mapreduce.v2.app.launcher.ContainerLauncherImpl: Launching * ,,"2015-10-17 18:09:35,096",INFO,[ContainerLauncher #9]
org.apache.hadoop.yarn.client.api.impl.ContainerManagementProtocolProxy: Opening proxy : * ,,"2015-10-17 18:09:35,096",INFO,[ContainerLauncher #9]
org.apache.hadoop.mapreduce.v2.app.launcher.ContainerLauncherImpl: Shuffle port returned by ContainerManager for * : 13562 ,,"2015-10-17 18:09:35,221",INFO,[ContainerLauncher #9]
org.apache.hadoop.mapreduce.v2.app.job.impl.TaskAttemptImpl: TaskAttempt: * using containerId: * on NM: * ,,"2015-10-17 18:09:35,221",INFO,[AsyncDispatcher event handler]
org.apache.hadoop.mapreduce.v2.app.job.impl.TaskAttemptImpl: * TaskAttempt Transitioned from * to * ,,"2015-10-17 18:09:35,221",INFO,[AsyncDispatcher event handler]
org.apache.hadoop.mapreduce.v2.app.speculate.DefaultSpeculator: ATTEMPT_START * ,,"2015-10-17 18:09:35,221",INFO,[AsyncDispatcher event handler]
org.apache.hadoop.mapreduce.v2.app.job.impl.TaskImpl: * Task Transitioned from * to * ,,"2015-10-17 18:09:35,221",INFO,[AsyncDispatcher event handler]
org.apache.hadoop.mapreduce.v2.app.launcher.ContainerLauncherImpl: Shuffle port returned by ContainerManager for * : 13562 ,,"2015-10-17 18:09:35,361",INFO,[ContainerLauncher #8]
org.apache.hadoop.mapreduce.v2.app.job.impl.TaskAttemptImpl: TaskAttempt: * using containerId: * on NM: * ,,"2015-10-17 18:09:35,361",INFO,[AsyncDispatcher event handler]
org.apache.hadoop.mapreduce.v2.app.job.impl.TaskAttemptImpl: * TaskAttempt Transitioned from * to * ,,"2015-10-17 18:09:35,361",INFO,[AsyncDispatcher event handler]
org.apache.hadoop.mapreduce.v2.app.speculate.DefaultSpeculator: ATTEMPT_START * ,,"2015-10-17 18:09:35,361",INFO,[AsyncDispatcher event handler]
org.apache.hadoop.mapreduce.v2.app.job.impl.TaskImpl: * Task Transitioned from * to * ,,"2015-10-17 18:09:35,361",INFO,[AsyncDispatcher event handler]
org.apache.hadoop.mapreduce.v2.app.rm.RMContainerRequestor: getResources() for * release= 0 newContainers=0 * ,,"2015-10-17 18:09:36,080",INFO,[RMCommunicator Allocator]
"org.apache.hadoop.mapreduce.v2.app.rm.RMContainerAllocator: Recalculating schedule, * ",,"2015-10-17 18:09:38,143",INFO,[RMCommunicator Allocator]
org.apache.hadoop.mapreduce.v2.app.rm.RMContainerAllocator: Reduce slow start threshold * ,,"2015-10-17 18:09:38,143",INFO,[RMCommunicator Allocator]
SecurityLogger.org.apache.hadoop.ipc.Server: Auth successful for * (auth:SIMPLE) ,,"2015-10-17 18:09:39,033",INFO,[Socket Reader #1 for port 52839]
org.apache.hadoop.mapred.TaskAttemptListenerImpl: JVM with ID : * asked for a task ,,"2015-10-17 18:09:39,111",INFO,[IPC Server handler 19 on 52839]
org.apache.hadoop.mapred.TaskAttemptListenerImpl: JVM with ID: * given task: * ,,"2015-10-17 18:09:39,111",INFO,[IPC Server handler 19 on 52839]
SecurityLogger.org.apache.hadoop.ipc.Server: Auth successful for * (auth:SIMPLE) ,,"2015-10-17 18:09:39,190",INFO,[Socket Reader #1 for port 52839]
SecurityLogger.org.apache.hadoop.ipc.Server: Auth successful for * (auth:SIMPLE) ,,"2015-10-17 18:09:39,283",INFO,[Socket Reader #1 for port 52839]
org.apache.hadoop.mapred.TaskAttemptListenerImpl: JVM with ID : * asked for a task ,,"2015-10-17 18:09:39,299",INFO,[IPC Server handler 28 on 52839]
org.apache.hadoop.mapred.TaskAttemptListenerImpl: JVM with ID: * given task: * ,,"2015-10-17 18:09:39,299",INFO,[IPC Server handler 28 on 52839]
org.apache.hadoop.mapred.TaskAttemptListenerImpl: JVM with ID : * asked for a task ,,"2015-10-17 18:09:39,377",INFO,[IPC Server handler 26 on 52839]
org.apache.hadoop.mapred.TaskAttemptListenerImpl: JVM with ID: * given task: * ,,"2015-10-17 18:09:39,377",INFO,[IPC Server handler 26 on 52839]
SecurityLogger.org.apache.hadoop.ipc.Server: Auth successful for * (auth:SIMPLE) ,,"2015-10-17 18:09:40,346",INFO,[Socket Reader #1 for port 52839]
org.apache.hadoop.mapred.TaskAttemptListenerImpl: JVM with ID : * asked for a task ,,"2015-10-17 18:09:40,455",INFO,[IPC Server handler 29 on 52839]
org.apache.hadoop.mapred.TaskAttemptListenerImpl: JVM with ID: * given task: * ,,"2015-10-17 18:09:40,455",INFO,[IPC Server handler 29 on 52839]
SecurityLogger.org.apache.hadoop.ipc.Server: Auth successful for * (auth:SIMPLE) ,,"2015-10-17 18:09:43,799",INFO,[Socket Reader #1 for port 52839]
org.apache.hadoop.mapred.TaskAttemptListenerImpl: JVM with ID : * asked for a task ,,"2015-10-17 18:09:43,987",INFO,[IPC Server handler 19 on 52839]
org.apache.hadoop.mapred.TaskAttemptListenerImpl: JVM with ID: * given task: * ,,"2015-10-17 18:09:43,987",INFO,[IPC Server handler 19 on 52839]
SecurityLogger.org.apache.hadoop.ipc.Server: Auth successful for * (auth:SIMPLE) ,,"2015-10-17 18:09:44,190",INFO,[Socket Reader #1 for port 52839]
org.apache.hadoop.mapred.TaskAttemptListenerImpl: JVM with ID : * asked for a task ,,"2015-10-17 18:09:44,284",INFO,[IPC Server handler 28 on 52839]
org.apache.hadoop.mapred.TaskAttemptListenerImpl: JVM with ID: * given task: * ,,"2015-10-17 18:09:44,284",INFO,[IPC Server handler 28 on 52839]
SecurityLogger.org.apache.hadoop.ipc.Server: Auth successful for * (auth:SIMPLE) ,,"2015-10-17 18:09:45,315",INFO,[Socket Reader #1 for port 52839]
org.apache.hadoop.mapred.TaskAttemptListenerImpl: JVM with ID : * asked for a task ,,"2015-10-17 18:09:45,627",INFO,[IPC Server handler 29 on 52839]
org.apache.hadoop.mapred.TaskAttemptListenerImpl: JVM with ID: * given task: * ,,"2015-10-17 18:09:45,627",INFO,[IPC Server handler 29 on 52839]
SecurityLogger.org.apache.hadoop.ipc.Server: Auth successful for * (auth:SIMPLE) ,,"2015-10-17 18:09:46,159",INFO,[Socket Reader #1 for port 52839]
org.apache.hadoop.mapred.TaskAttemptListenerImpl: JVM with ID : * asked for a task ,,"2015-10-17 18:09:46,284",INFO,[IPC Server handler 27 on 52839]
org.apache.hadoop.mapred.TaskAttemptListenerImpl: JVM with ID: * given task: * ,,"2015-10-17 18:09:46,284",INFO,[IPC Server handler 27 on 52839]
SecurityLogger.org.apache.hadoop.ipc.Server: Auth successful for * (auth:SIMPLE) ,,"2015-10-17 18:09:46,752",INFO,[Socket Reader #1 for port 52839]
org.apache.hadoop.mapred.TaskAttemptListenerImpl: JVM with ID : * asked for a task ,,"2015-10-17 18:09:47,127",INFO,[IPC Server handler 3 on 52839]
org.apache.hadoop.mapred.TaskAttemptListenerImpl: JVM with ID: * given task: * ,,"2015-10-17 18:09:47,127",INFO,[IPC Server handler 3 on 52839]
org.apache.hadoop.mapred.TaskAttemptListenerImpl: Progress of TaskAttempt * is : * ,,"2015-10-17 18:09:52,315",INFO,[IPC Server handler 0 on 52839]
org.apache.hadoop.mapred.TaskAttemptListenerImpl: Progress of TaskAttempt * is : * ,,"2015-10-17 18:09:52,643",INFO,[IPC Server handler 3 on 52839]
org.apache.hadoop.mapred.TaskAttemptListenerImpl: Progress of TaskAttempt * is : * ,,"2015-10-17 18:09:52,909",INFO,[IPC Server handler 0 on 52839]
org.apache.hadoop.mapred.TaskAttemptListenerImpl: Progress of TaskAttempt * is : * ,,"2015-10-17 18:09:54,784",INFO,[IPC Server handler 1 on 52839]
org.apache.hadoop.mapred.TaskAttemptListenerImpl: Progress of TaskAttempt * is : * ,,"2015-10-17 18:09:54,956",INFO,[IPC Server handler 10 on 52839]
org.apache.hadoop.mapred.TaskAttemptListenerImpl: Progress of TaskAttempt * is : * ,,"2015-10-17 18:09:55,440",INFO,[IPC Server handler 5 on 52839]
org.apache.hadoop.mapred.TaskAttemptListenerImpl: Progress of TaskAttempt * is : * ,,"2015-10-17 18:09:55,706",INFO,[IPC Server handler 3 on 52839]
org.apache.hadoop.mapred.TaskAttemptListenerImpl: Progress of TaskAttempt * is : * ,,"2015-10-17 18:09:55,737",INFO,[IPC Server handler 18 on 52839]
org.apache.hadoop.mapred.TaskAttemptListenerImpl: Progress of TaskAttempt * is : * ,,"2015-10-17 18:09:55,987",INFO,[IPC Server handler 10 on 52839]
org.apache.hadoop.mapred.TaskAttemptListenerImpl: Progress of TaskAttempt * is : * ,,"2015-10-17 18:09:56,034",INFO,[IPC Server handler 4 on 52839]
org.apache.hadoop.mapred.TaskAttemptListenerImpl: Progress of TaskAttempt * is : * ,,"2015-10-17 18:09:56,722",INFO,[IPC Server handler 3 on 52839]
org.apache.hadoop.mapred.TaskAttemptListenerImpl: Progress of TaskAttempt * is : * ,,"2015-10-17 18:09:57,894",INFO,[IPC Server handler 10 on 52839]
org.apache.hadoop.mapred.TaskAttemptListenerImpl: Progress of TaskAttempt * is : * ,,"2015-10-17 18:09:58,394",INFO,[IPC Server handler 5 on 52839]
org.apache.hadoop.mapred.TaskAttemptListenerImpl: Progress of TaskAttempt * is : * ,,"2015-10-17 18:09:58,597",INFO,[IPC Server handler 27 on 52839]
org.apache.hadoop.mapred.TaskAttemptListenerImpl: Progress of TaskAttempt * is : * ,,"2015-10-17 18:09:58,862",INFO,[IPC Server handler 18 on 52839]
org.apache.hadoop.mapred.TaskAttemptListenerImpl: Progress of TaskAttempt * is : * ,,"2015-10-17 18:09:59,065",INFO,[IPC Server handler 4 on 52839]
org.apache.hadoop.mapred.TaskAttemptListenerImpl: Progress of TaskAttempt * is : * ,,"2015-10-17 18:09:59,159",INFO,[IPC Server handler 5 on 52839]
org.apache.hadoop.mapred.TaskAttemptListenerImpl: Progress of TaskAttempt * is : * ,,"2015-10-17 18:09:59,847",INFO,[IPC Server handler 26 on 52839]
org.apache.hadoop.mapred.TaskAttemptListenerImpl: Progress of TaskAttempt * is : * ,,"2015-10-17 18:09:59,878",INFO,[IPC Server handler 18 on 52839]
org.apache.hadoop.mapred.TaskAttemptListenerImpl: Progress of TaskAttempt * is : * ,,"2015-10-17 18:10:00,206",INFO,[IPC Server handler 27 on 52839]
org.apache.hadoop.mapred.TaskAttemptListenerImpl: Progress of TaskAttempt * is : * ,,"2015-10-17 18:10:01,066",INFO,[IPC Server handler 4 on 52839]
org.apache.hadoop.mapred.TaskAttemptListenerImpl: Progress of TaskAttempt * is : * ,,"2015-10-17 18:10:01,331",INFO,[IPC Server handler 28 on 52839]
org.apache.hadoop.mapred.TaskAttemptListenerImpl: Progress of TaskAttempt * is : * ,,"2015-10-17 18:10:01,769",INFO,[IPC Server handler 19 on 52839]
org.apache.hadoop.mapred.TaskAttemptListenerImpl: Progress of TaskAttempt * is : * ,,"2015-10-17 18:10:01,847",INFO,[IPC Server handler 0 on 52839]
org.apache.hadoop.mapred.TaskAttemptListenerImpl: Progress of TaskAttempt * is : * ,,"2015-10-17 18:10:02,066",INFO,[IPC Server handler 4 on 52839]
org.apache.hadoop.mapred.TaskAttemptListenerImpl: Progress of TaskAttempt * is : * ,,"2015-10-17 18:10:02,284",INFO,[IPC Server handler 5 on 52839]
org.apache.hadoop.mapred.TaskAttemptListenerImpl: Progress of TaskAttempt * is : * ,,"2015-10-17 18:10:02,284",INFO,[IPC Server handler 27 on 52839]
org.apache.hadoop.mapred.TaskAttemptListenerImpl: Progress of TaskAttempt * is : * ,,"2015-10-17 18:10:03,003",INFO,[IPC Server handler 4 on 52839]
org.apache.hadoop.mapred.TaskAttemptListenerImpl: Progress of TaskAttempt * is : * ,,"2015-10-17 18:10:03,222",INFO,[IPC Server handler 5 on 52839]
org.apache.hadoop.mapred.TaskAttemptListenerImpl: Progress of TaskAttempt * is : * ,,"2015-10-17 18:10:03,816",INFO,[IPC Server handler 19 on 52839]
org.apache.hadoop.mapred.TaskAttemptListenerImpl: Progress of TaskAttempt * is : * ,,"2015-10-17 18:10:04,175",INFO,[IPC Server handler 5 on 52839]
org.apache.hadoop.mapred.TaskAttemptListenerImpl: Progress of TaskAttempt * is : * ,,"2015-10-17 18:10:04,519",INFO,[IPC Server handler 29 on 52839]
org.apache.hadoop.mapred.TaskAttemptListenerImpl: Progress of TaskAttempt * is : * ,,"2015-10-17 18:10:04,878",INFO,[IPC Server handler 8 on 52839]
org.apache.hadoop.mapred.TaskAttemptListenerImpl: Progress of TaskAttempt * is : * ,,"2015-10-17 18:10:05,206",INFO,[IPC Server handler 4 on 52839]
org.apache.hadoop.mapred.TaskAttemptListenerImpl: Progress of TaskAttempt * is : * ,,"2015-10-17 18:10:05,441",INFO,[IPC Server handler 28 on 52839]
org.apache.hadoop.mapred.TaskAttemptListenerImpl: Progress of TaskAttempt * is : * ,,"2015-10-17 18:10:05,441",INFO,[IPC Server handler 28 on 52839]
org.apache.hadoop.mapred.TaskAttemptListenerImpl: Progress of TaskAttempt * is : * ,,"2015-10-17 18:10:05,519",INFO,[IPC Server handler 6 on 52839]
org.apache.hadoop.mapred.TaskAttemptListenerImpl: Progress of TaskAttempt * is : * ,,"2015-10-17 18:10:06,410",INFO,[IPC Server handler 28 on 52839]
org.apache.hadoop.mapred.TaskAttemptListenerImpl: Progress of TaskAttempt * is : * ,,"2015-10-17 18:10:06,816",INFO,[IPC Server handler 9 on 52839]
org.apache.hadoop.mapred.TaskAttemptListenerImpl: Progress of TaskAttempt * is : * ,,"2015-10-17 18:10:07,363",INFO,[IPC Server handler 5 on 52839]
org.apache.hadoop.mapred.TaskAttemptListenerImpl: Progress of TaskAttempt * is : * ,,"2015-10-17 18:10:07,472",INFO,[IPC Server handler 28 on 52839]
org.apache.hadoop.mapred.TaskAttemptListenerImpl: Progress of TaskAttempt * is : * ,,"2015-10-17 18:10:07,894",INFO,[IPC Server handler 19 on 52839]
org.apache.hadoop.mapred.TaskAttemptListenerImpl: Progress of TaskAttempt * is : * ,,"2015-10-17 18:10:08,394",INFO,[IPC Server handler 27 on 52839]
org.apache.hadoop.mapred.TaskAttemptListenerImpl: Progress of TaskAttempt * is : * ,,"2015-10-17 18:10:08,472",INFO,[IPC Server handler 28 on 52839]
org.apache.hadoop.mapred.TaskAttemptListenerImpl: Progress of TaskAttempt * is : * ,,"2015-10-17 18:10:08,582",INFO,[IPC Server handler 6 on 52839]
org.apache.hadoop.mapred.TaskAttemptListenerImpl: Progress of TaskAttempt * is : * ,,"2015-10-17 18:10:08,582",INFO,[IPC Server handler 6 on 52839]
org.apache.hadoop.mapred.TaskAttemptListenerImpl: Progress of TaskAttempt * is : * ,,"2015-10-17 18:10:09,019",INFO,[IPC Server handler 15 on 52839]
org.apache.hadoop.mapred.TaskAttemptListenerImpl: Progress of TaskAttempt * is : * ,,"2015-10-17 18:10:09,566",INFO,[IPC Server handler 6 on 52839]
org.apache.hadoop.mapred.TaskAttemptListenerImpl: Progress of TaskAttempt * is : * ,,"2015-10-17 18:10:10,457",INFO,[IPC Server handler 28 on 52839]
org.apache.hadoop.mapred.TaskAttemptListenerImpl: Progress of TaskAttempt * is : * ,,"2015-10-17 18:10:10,754",INFO,[IPC Server handler 29 on 52839]
org.apache.hadoop.mapred.TaskAttemptListenerImpl: Progress of TaskAttempt * is : * ,,"2015-10-17 18:10:11,144",INFO,[IPC Server handler 10 on 52839]
org.apache.hadoop.mapred.TaskAttemptListenerImpl: Progress of TaskAttempt * is : * ,,"2015-10-17 18:10:11,519",INFO,[IPC Server handler 6 on 52839]
org.apache.hadoop.mapred.TaskAttemptListenerImpl: Progress of TaskAttempt * is : * ,,"2015-10-17 18:10:11,613",INFO,[IPC Server handler 29 on 52839]
org.apache.hadoop.mapred.TaskAttemptListenerImpl: Progress of TaskAttempt * is : * ,,"2015-10-17 18:10:11,707",INFO,[IPC Server handler 9 on 52839]
org.apache.hadoop.mapred.TaskAttemptListenerImpl: Progress of TaskAttempt * is : * ,,"2015-10-17 18:10:11,722",INFO,[IPC Server handler 19 on 52839]
org.apache.hadoop.mapred.TaskAttemptListenerImpl: Progress of TaskAttempt * is : * ,,"2015-10-17 18:10:11,722",INFO,[IPC Server handler 19 on 52839]
org.apache.hadoop.mapred.TaskAttemptListenerImpl: Progress of TaskAttempt * is : * ,,"2015-10-17 18:10:12,488",INFO,[IPC Server handler 4 on 52839]
org.apache.hadoop.mapred.TaskAttemptListenerImpl: Progress of TaskAttempt * is : * ,,"2015-10-17 18:10:12,754",INFO,[IPC Server handler 9 on 52839]
org.apache.hadoop.mapred.TaskAttemptListenerImpl: Progress of TaskAttempt * is : * ,,"2015-10-17 18:10:13,707",INFO,[IPC Server handler 28 on 52839]
org.apache.hadoop.mapred.TaskAttemptListenerImpl: Progress of TaskAttempt * is : * ,,"2015-10-17 18:10:14,879",INFO,[IPC Server handler 29 on 52839]
org.apache.hadoop.mapred.TaskAttemptListenerImpl: Progress of TaskAttempt * is : * ,,"2015-10-17 18:10:14,879",INFO,[IPC Server handler 29 on 52839]
org.apache.hadoop.mapred.TaskAttemptListenerImpl: Progress of TaskAttempt * is : * ,,"2015-10-17 18:10:14,879",INFO,[IPC Server handler 29 on 52839]
org.apache.hadoop.mapred.TaskAttemptListenerImpl: Progress of TaskAttempt * is : * ,,"2015-10-17 18:10:15,191",INFO,[IPC Server handler 15 on 52839]
org.apache.hadoop.mapred.TaskAttemptListenerImpl: Progress of TaskAttempt * is : * ,,"2015-10-17 18:10:15,363",INFO,[IPC Server handler 7 on 52839]
org.apache.hadoop.mapred.TaskAttemptListenerImpl: Progress of TaskAttempt * is : * ,,"2015-10-17 18:10:15,519",INFO,[IPC Server handler 18 on 52839]
org.apache.hadoop.mapred.TaskAttemptListenerImpl: Progress of TaskAttempt * is : * ,,"2015-10-17 18:10:15,519",INFO,[IPC Server handler 18 on 52839]
org.apache.hadoop.mapred.TaskAttemptListenerImpl: Progress of TaskAttempt * is : * ,,"2015-10-17 18:10:16,441",INFO,[IPC Server handler 8 on 52839]
org.apache.hadoop.mapred.TaskAttemptListenerImpl: Progress of TaskAttempt * is : * ,,"2015-10-17 18:10:16,769",INFO,[IPC Server handler 4 on 52839]
org.apache.hadoop.mapred.TaskAttemptListenerImpl: Progress of TaskAttempt * is : * ,,"2015-10-17 18:10:16,848",INFO,[IPC Server handler 5 on 52839]
org.apache.hadoop.mapred.TaskAttemptListenerImpl: Progress of TaskAttempt * is : * ,,"2015-10-17 18:10:18,019",INFO,[IPC Server handler 27 on 52839]
org.apache.hadoop.mapred.TaskAttemptListenerImpl: Progress of TaskAttempt * is : * ,,"2015-10-17 18:10:18,019",INFO,[IPC Server handler 6 on 52839]
org.apache.hadoop.mapred.TaskAttemptListenerImpl: Progress of TaskAttempt * is : * ,,"2015-10-17 18:10:18,535",INFO,[IPC Server handler 8 on 52839]
org.apache.hadoop.mapred.TaskAttemptListenerImpl: Progress of TaskAttempt * is : * ,,"2015-10-17 18:10:18,723",INFO,[IPC Server handler 1 on 52839]
org.apache.hadoop.mapred.TaskAttemptListenerImpl: Progress of TaskAttempt * is : * ,,"2015-10-17 18:10:18,816",INFO,[IPC Server handler 4 on 52839]
org.apache.hadoop.mapred.TaskAttemptListenerImpl: Progress of TaskAttempt * is : * ,,"2015-10-17 18:10:19,066",INFO,[IPC Server handler 29 on 52839]
org.apache.hadoop.mapred.TaskAttemptListenerImpl: Progress of TaskAttempt * is : * ,,"2015-10-17 18:10:19,488",INFO,[IPC Server handler 15 on 52839]
org.apache.hadoop.mapred.TaskAttemptListenerImpl: Progress of TaskAttempt * is : * ,,"2015-10-17 18:10:19,504",INFO,[IPC Server handler 0 on 52839]
org.apache.hadoop.mapred.TaskAttemptListenerImpl: Progress of TaskAttempt * is : * ,,"2015-10-17 18:10:19,863",INFO,[IPC Server handler 5 on 52839]
org.apache.hadoop.mapred.TaskAttemptListenerImpl: Progress of TaskAttempt * is : * ,,"2015-10-17 18:10:20,566",INFO,[IPC Server handler 26 on 52839]
org.apache.hadoop.mapred.TaskAttemptListenerImpl: Progress of TaskAttempt * is : * ,,"2015-10-17 18:10:21,113",INFO,[IPC Server handler 27 on 52839]
org.apache.hadoop.mapred.TaskAttemptListenerImpl: Progress of TaskAttempt * is : * ,,"2015-10-17 18:10:21,113",INFO,[IPC Server handler 29 on 52839]
org.apache.hadoop.mapred.TaskAttemptListenerImpl: Progress of TaskAttempt * is : * ,,"2015-10-17 18:10:21,863",INFO,[IPC Server handler 5 on 52839]
org.apache.hadoop.mapred.TaskAttemptListenerImpl: Progress of TaskAttempt * is : * ,,"2015-10-17 18:10:22,238",INFO,[IPC Server handler 6 on 52839]
org.apache.hadoop.mapred.TaskAttemptListenerImpl: Progress of TaskAttempt * is : * ,,"2015-10-17 18:10:22,379",INFO,[IPC Server handler 28 on 52839]
org.apache.hadoop.mapred.TaskAttemptListenerImpl: Progress of TaskAttempt * is : * ,,"2015-10-17 18:10:22,410",INFO,[IPC Server handler 0 on 52839]
org.apache.hadoop.mapred.TaskAttemptListenerImpl: Progress of TaskAttempt * is : * ,,"2015-10-17 18:10:22,645",INFO,[IPC Server handler 15 on 52839]
org.apache.hadoop.mapred.TaskAttemptListenerImpl: Progress of TaskAttempt * is : * ,,"2015-10-17 18:10:22,942",INFO,[IPC Server handler 4 on 52839]
org.apache.hadoop.mapred.TaskAttemptListenerImpl: Progress of TaskAttempt * is : * ,,"2015-10-17 18:10:23,223",INFO,[IPC Server handler 6 on 52839]
org.apache.hadoop.mapred.TaskAttemptListenerImpl: Progress of TaskAttempt * is : * ,,"2015-10-17 18:10:24,176",INFO,[IPC Server handler 27 on 52839]
org.apache.hadoop.mapred.TaskAttemptListenerImpl: Progress of TaskAttempt * is : * ,,"2015-10-17 18:10:24,176",INFO,[IPC Server handler 29 on 52839]
org.apache.hadoop.mapred.TaskAttemptListenerImpl: Progress of TaskAttempt * is : * ,,"2015-10-17 18:10:24,285",INFO,[IPC Server handler 9 on 52839]
org.apache.hadoop.mapred.TaskAttemptListenerImpl: Progress of TaskAttempt * is : * ,,"2015-10-17 18:10:25,348",INFO,[IPC Server handler 6 on 52839]
org.apache.hadoop.mapred.TaskAttemptListenerImpl: Progress of TaskAttempt * is : * ,,"2015-10-17 18:10:25,770",INFO,[IPC Server handler 15 on 52839]
org.apache.hadoop.mapred.TaskAttemptListenerImpl: Progress of TaskAttempt * is : * ,,"2015-10-17 18:10:25,770",INFO,[IPC Server handler 26 on 52839]
org.apache.hadoop.mapred.TaskAttemptListenerImpl: Progress of TaskAttempt * is : * ,,"2015-10-17 18:10:25,848",INFO,[IPC Server handler 8 on 52839]
org.apache.hadoop.mapred.TaskAttemptListenerImpl: Progress of TaskAttempt * is : * ,,"2015-10-17 18:10:26,129",INFO,[IPC Server handler 29 on 52839]
org.apache.hadoop.mapred.TaskAttemptListenerImpl: Progress of TaskAttempt * is : * ,,"2015-10-17 18:10:26,129",INFO,[IPC Server handler 27 on 52839]
org.apache.hadoop.mapred.TaskAttemptListenerImpl: Progress of TaskAttempt * is : * ,,"2015-10-17 18:10:26,973",INFO,[IPC Server handler 4 on 52839]
org.apache.hadoop.mapred.TaskAttemptListenerImpl: Progress of TaskAttempt * is : * ,,"2015-10-17 18:10:27,270",INFO,[IPC Server handler 9 on 52839]
org.apache.hadoop.mapred.TaskAttemptListenerImpl: Progress of TaskAttempt * is : * ,,"2015-10-17 18:10:27,270",INFO,[IPC Server handler 6 on 52839]
org.apache.hadoop.mapred.TaskAttemptListenerImpl: Progress of TaskAttempt * is : * ,,"2015-10-17 18:10:27,848",INFO,[IPC Server handler 8 on 52839]
org.apache.hadoop.mapred.TaskAttemptListenerImpl: Progress of TaskAttempt * is : * ,,"2015-10-17 18:10:28,926",INFO,[IPC Server handler 7 on 52839]
org.apache.hadoop.mapred.TaskAttemptListenerImpl: Progress of TaskAttempt * is : * ,,"2015-10-17 18:10:28,973",INFO,[IPC Server handler 10 on 52839]
org.apache.hadoop.mapred.TaskAttemptListenerImpl: Progress of TaskAttempt * is : * ,,"2015-10-17 18:10:29,426",INFO,[IPC Server handler 28 on 52839]
org.apache.hadoop.mapred.TaskAttemptListenerImpl: Progress of TaskAttempt * is : * ,,"2015-10-17 18:10:29,708",INFO,[IPC Server handler 19 on 52839]
org.apache.hadoop.mapred.TaskAttemptListenerImpl: Progress of TaskAttempt * is : * ,,"2015-10-17 18:10:29,848",INFO,[IPC Server handler 0 on 52839]
org.apache.hadoop.mapred.TaskAttemptListenerImpl: Progress of TaskAttempt * is : * ,,"2015-10-17 18:10:30,239",INFO,[IPC Server handler 1 on 52839]
org.apache.hadoop.mapred.TaskAttemptListenerImpl: Progress of TaskAttempt * is : * ,,"2015-10-17 18:10:30,551",INFO,[IPC Server handler 19 on 52839]
org.apache.hadoop.mapred.TaskAttemptListenerImpl: Progress of TaskAttempt * is : * ,,"2015-10-17 18:10:30,614",INFO,[IPC Server handler 0 on 52839]
org.apache.hadoop.mapred.TaskAttemptListenerImpl: Progress of TaskAttempt * is : * ,,"2015-10-17 18:10:30,723",INFO,[IPC Server handler 26 on 52839]
org.apache.hadoop.mapred.TaskAttemptListenerImpl: Progress of TaskAttempt * is : * ,,"2015-10-17 18:10:31,786",INFO,[IPC Server handler 26 on 52839]
org.apache.hadoop.mapred.TaskAttemptListenerImpl: Progress of TaskAttempt * is : * ,,"2015-10-17 18:10:32,348",INFO,[IPC Server handler 27 on 52839]
org.apache.hadoop.mapred.TaskAttemptListenerImpl: Progress of TaskAttempt * is : * ,,"2015-10-17 18:10:32,348",INFO,[IPC Server handler 1 on 52839]
org.apache.hadoop.mapred.TaskAttemptListenerImpl: Progress of TaskAttempt * is : * ,,"2015-10-17 18:10:32,911",INFO,[IPC Server handler 7 on 52839]
org.apache.hadoop.mapred.TaskAttemptListenerImpl: Progress of TaskAttempt * is : * ,,"2015-10-17 18:10:33,130",INFO,[IPC Server handler 8 on 52839]
org.apache.hadoop.mapred.TaskAttemptListenerImpl: Progress of TaskAttempt * is : * ,,"2015-10-17 18:10:33,442",INFO,[IPC Server handler 5 on 52839]
org.apache.hadoop.mapred.TaskAttemptListenerImpl: Progress of TaskAttempt * is : * ,,"2015-10-17 18:10:33,630",INFO,[IPC Server handler 19 on 52839]
org.apache.hadoop.mapred.TaskAttemptListenerImpl: Progress of TaskAttempt * is : * ,,"2015-10-17 18:10:33,973",INFO,[IPC Server handler 8 on 52839]
org.apache.hadoop.mapred.TaskAttemptListenerImpl: Progress of TaskAttempt * is : * ,,"2015-10-17 18:10:34,317",INFO,[IPC Server handler 25 on 52839]
org.apache.hadoop.mapred.TaskAttemptListenerImpl: Progress of TaskAttempt * is : * ,,"2015-10-17 18:10:34,395",INFO,[IPC Server handler 24 on 52839]
org.apache.hadoop.mapred.TaskAttemptListenerImpl: Progress of TaskAttempt * is : * ,,"2015-10-17 18:10:35,536",INFO,[IPC Server handler 18 on 52839]
org.apache.hadoop.mapred.TaskAttemptListenerImpl: Progress of TaskAttempt * is : * ,,"2015-10-17 18:10:35,739",INFO,[IPC Server handler 0 on 52839]
org.apache.hadoop.mapred.TaskAttemptListenerImpl: Progress of TaskAttempt * is : * ,,"2015-10-17 18:10:36,036",INFO,[IPC Server handler 26 on 52839]
org.apache.hadoop.mapred.TaskAttemptListenerImpl: Progress of TaskAttempt * is : * ,,"2015-10-17 18:10:36,552",INFO,[IPC Server handler 1 on 52839]
org.apache.hadoop.mapred.TaskAttemptListenerImpl: Progress of TaskAttempt * is : * ,,"2015-10-17 18:10:36,739",INFO,[IPC Server handler 19 on 52839]
org.apache.hadoop.mapred.TaskAttemptListenerImpl: Progress of TaskAttempt * is : * ,,"2015-10-17 18:10:37,005",INFO,[IPC Server handler 26 on 52839]
org.apache.hadoop.mapred.TaskAttemptListenerImpl: Progress of TaskAttempt * is : * ,,"2015-10-17 18:10:37,442",INFO,[IPC Server handler 25 on 52839]
org.apache.hadoop.mapred.TaskAttemptListenerImpl: Progress of TaskAttempt * is : * ,,"2015-10-17 18:10:38,333",INFO,[IPC Server handler 7 on 52839]
org.apache.hadoop.mapred.TaskAttemptListenerImpl: Progress of TaskAttempt * is : * ,,"2015-10-17 18:10:38,333",INFO,[IPC Server handler 7 on 52839]
org.apache.hadoop.mapred.TaskAttemptListenerImpl: Progress of TaskAttempt * is : * ,,"2015-10-17 18:10:38,708",INFO,[IPC Server handler 27 on 52839]
org.apache.hadoop.mapred.TaskAttemptListenerImpl: Progress of TaskAttempt * is : * ,,"2015-10-17 18:10:39,286",INFO,[IPC Server handler 7 on 52839]
org.apache.hadoop.mapred.TaskAttemptListenerImpl: Progress of TaskAttempt * is : * ,,"2015-10-17 18:10:39,708",INFO,[IPC Server handler 4 on 52839]
org.apache.hadoop.mapred.TaskAttemptListenerImpl: Progress of TaskAttempt * is : * ,,"2015-10-17 18:10:39,880",INFO,[IPC Server handler 29 on 52839]
org.apache.hadoop.mapred.TaskAttemptListenerImpl: Progress of TaskAttempt * is : * ,,"2015-10-17 18:10:40,692",INFO,[IPC Server handler 3 on 52839]
org.apache.hadoop.mapred.TaskAttemptListenerImpl: Progress of TaskAttempt * is : * ,,"2015-10-17 18:10:40,771",INFO,[IPC Server handler 17 on 52839]
org.apache.hadoop.mapred.TaskAttemptListenerImpl: Progress of TaskAttempt * is : * ,,"2015-10-17 18:10:41,114",INFO,[IPC Server handler 9 on 52839]
org.apache.hadoop.mapred.TaskAttemptListenerImpl: Progress of TaskAttempt * is : * ,,"2015-10-17 18:10:41,192",INFO,[IPC Server handler 26 on 52839]
org.apache.hadoop.mapred.TaskAttemptListenerImpl: Progress of TaskAttempt * is : * ,,"2015-10-17 18:10:41,989",INFO,[IPC Server handler 29 on 52839]
org.apache.hadoop.mapred.TaskAttemptListenerImpl: Progress of TaskAttempt * is : * ,,"2015-10-17 18:10:41,989",INFO,[IPC Server handler 6 on 52839]
org.apache.hadoop.mapred.TaskAttemptListenerImpl: Progress of TaskAttempt * is : * ,,"2015-10-17 18:10:43,599",INFO,[IPC Server handler 7 on 52839]
org.apache.hadoop.mapred.TaskAttemptListenerImpl: Progress of TaskAttempt * is : * ,,"2015-10-17 18:10:43,974",INFO,[IPC Server handler 29 on 52839]
org.apache.hadoop.mapred.TaskAttemptListenerImpl: Progress of TaskAttempt * is : * ,,"2015-10-17 18:10:44,130",INFO,[IPC Server handler 6 on 52839]
org.apache.hadoop.mapred.TaskAttemptListenerImpl: Progress of TaskAttempt * is : * ,,"2015-10-17 18:10:44,177",INFO,[IPC Server handler 28 on 52839]
org.apache.hadoop.mapred.TaskAttemptListenerImpl: Progress of TaskAttempt * is : * ,,"2015-10-17 18:10:44,349",INFO,[IPC Server handler 26 on 52839]
org.apache.hadoop.mapred.TaskAttemptListenerImpl: Progress of TaskAttempt * is : * ,,"2015-10-17 18:10:44,521",INFO,[IPC Server handler 7 on 52839]
org.apache.hadoop.mapred.TaskAttemptListenerImpl: Progress of TaskAttempt * is : * ,,"2015-10-17 18:10:44,568",INFO,[IPC Server handler 8 on 52839]
org.apache.hadoop.mapred.TaskAttemptListenerImpl: Progress of TaskAttempt * is : * ,,"2015-10-17 18:10:45,021",INFO,[IPC Server handler 29 on 52839]
org.apache.hadoop.mapred.TaskAttemptListenerImpl: Progress of TaskAttempt * is : * ,,"2015-10-17 18:10:45,380",INFO,[IPC Server handler 19 on 52839]
org.apache.hadoop.mapred.TaskAttemptListenerImpl: Progress of TaskAttempt * is : * ,,"2015-10-17 18:10:45,458",INFO,[IPC Server handler 7 on 52839]
org.apache.hadoop.mapred.TaskAttemptListenerImpl: Progress of TaskAttempt * is : * ,,"2015-10-17 18:10:46,974",INFO,[IPC Server handler 25 on 52839]
org.apache.hadoop.mapred.TaskAttemptListenerImpl: Progress of TaskAttempt * is : * ,,"2015-10-17 18:10:47,396",INFO,[IPC Server handler 9 on 52839]
org.apache.hadoop.mapred.TaskAttemptListenerImpl: Progress of TaskAttempt * is : * ,,"2015-10-17 18:10:47,552",INFO,[IPC Server handler 7 on 52839]
org.apache.hadoop.mapred.TaskAttemptListenerImpl: Progress of TaskAttempt * is : * ,,"2015-10-17 18:10:48,068",INFO,[IPC Server handler 25 on 52839]
org.apache.hadoop.mapred.TaskAttemptListenerImpl: Progress of TaskAttempt * is : * ,,"2015-10-17 18:10:48,068",INFO,[IPC Server handler 25 on 52839]
org.apache.hadoop.mapred.TaskAttemptListenerImpl: Progress of TaskAttempt * is : * ,,"2015-10-17 18:10:48,912",INFO,[IPC Server handler 15 on 52839]
org.apache.hadoop.mapred.TaskAttemptListenerImpl: Progress of TaskAttempt * is : * ,,"2015-10-17 18:10:48,912",INFO,[IPC Server handler 10 on 52839]
org.apache.hadoop.mapred.TaskAttemptListenerImpl: Progress of TaskAttempt * is : * ,,"2015-10-17 18:10:48,927",INFO,[IPC Server handler 25 on 52839]
org.apache.hadoop.mapred.TaskAttemptListenerImpl: Progress of TaskAttempt * is : * ,,"2015-10-17 18:10:49,177",INFO,[IPC Server handler 16 on 52839]
org.apache.hadoop.mapred.TaskAttemptListenerImpl: Progress of TaskAttempt * is : * ,,"2015-10-17 18:10:49,177",INFO,[IPC Server handler 3 on 52839]
org.apache.hadoop.mapred.TaskAttemptListenerImpl: Progress of TaskAttempt * is : * ,,"2015-10-17 18:10:50,724",INFO,[IPC Server handler 8 on 52839]
org.apache.hadoop.mapred.TaskAttemptListenerImpl: Progress of TaskAttempt * is : * ,,"2015-10-17 18:10:50,802",INFO,[IPC Server handler 10 on 52839]
org.apache.hadoop.mapred.TaskAttemptListenerImpl: Progress of TaskAttempt * is : * ,,"2015-10-17 18:10:51,318",INFO,[IPC Server handler 29 on 52839]
org.apache.hadoop.mapred.TaskAttemptListenerImpl: Progress of TaskAttempt * is : * ,,"2015-10-17 18:10:51,740",INFO,[IPC Server handler 7 on 52839]
org.apache.hadoop.mapred.TaskAttemptListenerImpl: Progress of TaskAttempt * is : * ,,"2015-10-17 18:10:51,771",INFO,[IPC Server handler 8 on 52839]
org.apache.hadoop.mapred.TaskAttemptListenerImpl: Progress of TaskAttempt * is : * ,,"2015-10-17 18:10:52,443",INFO,[IPC Server handler 1 on 52839]
org.apache.hadoop.mapred.TaskAttemptListenerImpl: Progress of TaskAttempt * is : * ,,"2015-10-17 18:10:52,599",INFO,[IPC Server handler 6 on 52839]
org.apache.hadoop.mapred.TaskAttemptListenerImpl: Progress of TaskAttempt * is : * ,,"2015-10-17 18:10:52,724",INFO,[IPC Server handler 0 on 52839]
org.apache.hadoop.mapred.TaskAttemptListenerImpl: Progress of TaskAttempt * is : * ,,"2015-10-17 18:10:52,724",INFO,[IPC Server handler 19 on 52839]
org.apache.hadoop.mapred.TaskAttemptListenerImpl: Progress of TaskAttempt * is : * ,,"2015-10-17 18:10:52,849",INFO,[IPC Server handler 8 on 52839]
org.apache.hadoop.mapred.TaskAttemptListenerImpl: Progress of TaskAttempt * is : * ,,"2015-10-17 18:10:54,209",INFO,[IPC Server handler 15 on 52839]
org.apache.hadoop.mapred.TaskAttemptListenerImpl: Progress of TaskAttempt * is : * ,,"2015-10-17 18:10:54,240",INFO,[IPC Server handler 25 on 52839]
org.apache.hadoop.mapred.TaskAttemptListenerImpl: Progress of TaskAttempt * is : * ,,"2015-10-17 18:10:54,834",INFO,[IPC Server handler 28 on 52839]
org.apache.hadoop.mapred.TaskAttemptListenerImpl: Progress of TaskAttempt * is : * ,,"2015-10-17 18:10:55,615",INFO,[IPC Server handler 14 on 52839]
org.apache.hadoop.mapred.TaskAttemptListenerImpl: Progress of TaskAttempt * is : * ,,"2015-10-17 18:10:55,818",INFO,[IPC Server handler 6 on 52839]
org.apache.hadoop.mapred.TaskAttemptListenerImpl: Progress of TaskAttempt * is : * ,,"2015-10-17 18:10:56,818",INFO,[IPC Server handler 18 on 52839]
org.apache.hadoop.mapred.TaskAttemptListenerImpl: Progress of TaskAttempt * is : * ,,"2015-10-17 18:10:56,928",INFO,[IPC Server handler 9 on 52839]
org.apache.hadoop.mapred.TaskAttemptListenerImpl: Progress of TaskAttempt * is : * ,,"2015-10-17 18:10:57,021",INFO,[IPC Server handler 26 on 52839]
org.apache.hadoop.mapred.TaskAttemptListenerImpl: Progress of TaskAttempt * is : * ,,"2015-10-17 18:10:57,209",INFO,[IPC Server handler 15 on 52839]
org.apache.hadoop.mapred.TaskAttemptListenerImpl: Progress of TaskAttempt * is : * ,,"2015-10-17 18:10:57,428",INFO,[IPC Server handler 25 on 52839]
org.apache.hadoop.mapred.TaskAttemptListenerImpl: Progress of TaskAttempt * is : * ,,"2015-10-17 18:10:57,787",INFO,[IPC Server handler 5 on 52839]
org.apache.hadoop.mapred.TaskAttemptListenerImpl: Progress of TaskAttempt * is : * ,,"2015-10-17 18:10:58,021",INFO,[IPC Server handler 9 on 52839]
org.apache.hadoop.mapred.TaskAttemptListenerImpl: Progress of TaskAttempt * is : * ,,"2015-10-17 18:10:58,334",INFO,[IPC Server handler 25 on 52839]
org.apache.hadoop.mapred.TaskAttemptListenerImpl: Progress of TaskAttempt * is : * ,,"2015-10-17 18:10:59,396",INFO,[IPC Server handler 16 on 52839]
org.apache.hadoop.mapred.TaskAttemptListenerImpl: Progress of TaskAttempt * is : * ,,"2015-10-17 18:10:59,725",INFO,[IPC Server handler 3 on 52839]
org.apache.hadoop.mapred.TaskAttemptListenerImpl: Progress of TaskAttempt * is : * ,,"2015-10-17 18:11:00,459",INFO,[IPC Server handler 7 on 52839]
org.apache.hadoop.mapred.TaskAttemptListenerImpl: Progress of TaskAttempt * is : * ,,"2015-10-17 18:11:00,522",INFO,[IPC Server handler 3 on 52839]
org.apache.hadoop.mapred.TaskAttemptListenerImpl: Progress of TaskAttempt * is : * ,,"2015-10-17 18:11:00,631",INFO,[IPC Server handler 1 on 52839]
org.apache.hadoop.mapred.TaskAttemptListenerImpl: Progress of TaskAttempt * is : * ,,"2015-10-17 18:11:00,662",INFO,[IPC Server handler 29 on 52839]
org.apache.hadoop.mapred.TaskAttemptListenerImpl: Progress of TaskAttempt * is : * ,,"2015-10-17 18:11:00,725",INFO,[IPC Server handler 14 on 52839]
org.apache.hadoop.mapred.TaskAttemptListenerImpl: Progress of TaskAttempt * is : * ,,"2015-10-17 18:11:01,100",INFO,[IPC Server handler 6 on 52839]
org.apache.hadoop.mapred.TaskAttemptListenerImpl: Progress of TaskAttempt * is : * ,,"2015-10-17 18:11:01,506",INFO,[IPC Server handler 3 on 52839]
org.apache.hadoop.mapred.TaskAttemptListenerImpl: Progress of TaskAttempt * is : * ,,"2015-10-17 18:11:01,834",INFO,[IPC Server handler 5 on 52839]
org.apache.hadoop.mapred.TaskAttemptListenerImpl: Progress of TaskAttempt * is : * ,,"2015-10-17 18:11:03,084",INFO,[IPC Server handler 18 on 52839]
org.apache.hadoop.mapred.TaskAttemptListenerImpl: Progress of TaskAttempt * is : * ,,"2015-10-17 18:11:03,303",INFO,[IPC Server handler 25 on 52839]
org.apache.hadoop.mapred.TaskAttemptListenerImpl: Progress of TaskAttempt * is : * ,,"2015-10-17 18:11:03,975",INFO,[IPC Server handler 27 on 52839]
org.apache.hadoop.mapred.TaskAttemptListenerImpl: Progress of TaskAttempt * is : * ,,"2015-10-17 18:11:04,115",INFO,[IPC Server handler 6 on 52839]
org.apache.hadoop.mapred.TaskAttemptListenerImpl: Progress of TaskAttempt * is : * ,,"2015-10-17 18:11:04,178",INFO,[IPC Server handler 9 on 52839]
org.apache.hadoop.mapred.TaskAttemptListenerImpl: Progress of TaskAttempt * is : * ,,"2015-10-17 18:11:04,631",INFO,[IPC Server handler 16 on 52839]
org.apache.hadoop.mapred.TaskAttemptListenerImpl: Progress of TaskAttempt * is : * ,,"2015-10-17 18:11:04,647",INFO,[IPC Server handler 29 on 52839]
org.apache.hadoop.mapred.TaskAttemptListenerImpl: Progress of TaskAttempt * is : * ,,"2015-10-17 18:11:04,897",INFO,[IPC Server handler 5 on 52839]
org.apache.hadoop.mapred.TaskAttemptListenerImpl: Progress of TaskAttempt * is : * ,,"2015-10-17 18:11:05,006",INFO,[IPC Server handler 17 on 52839]
org.apache.hadoop.mapred.TaskAttemptListenerImpl: Progress of TaskAttempt * is : * ,,"2015-10-17 18:11:05,037",INFO,[IPC Server handler 27 on 52839]
org.apache.hadoop.mapred.TaskAttemptListenerImpl: Progress of TaskAttempt * is : * ,,"2015-10-17 18:11:06,553",INFO,[IPC Server handler 3 on 52839]
org.apache.hadoop.mapred.TaskAttemptListenerImpl: Progress of TaskAttempt * is : * ,,"2015-10-17 18:11:06,991",INFO,[IPC Server handler 5 on 52839]
org.apache.hadoop.mapred.TaskAttemptListenerImpl: Progress of TaskAttempt * is : * ,,"2015-10-17 18:11:07,662",INFO,[IPC Server handler 7 on 52839]
org.apache.hadoop.mapred.TaskAttemptListenerImpl: Progress of TaskAttempt * is : * ,,"2015-10-17 18:11:07,944",INFO,[IPC Server handler 1 on 52839]
org.apache.hadoop.mapred.TaskAttemptListenerImpl: Progress of TaskAttempt * is : * ,,"2015-10-17 18:11:07,944",INFO,[IPC Server handler 14 on 52839]
org.apache.hadoop.mapred.TaskAttemptListenerImpl: Progress of TaskAttempt * is : * ,,"2015-10-17 18:11:08,147",INFO,[IPC Server handler 17 on 52839]
org.apache.hadoop.mapred.TaskAttemptListenerImpl: Progress of TaskAttempt * is : * ,,"2015-10-17 18:11:08,319",INFO,[IPC Server handler 9 on 52839]
org.apache.hadoop.mapred.TaskAttemptListenerImpl: Progress of TaskAttempt * is : * ,,"2015-10-17 18:11:08,459",INFO,[IPC Server handler 28 on 52839]
org.apache.hadoop.mapred.TaskAttemptListenerImpl: Progress of TaskAttempt * is : * ,,"2015-10-17 18:11:09,413",INFO,[IPC Server handler 28 on 52839]
org.apache.hadoop.mapred.TaskAttemptListenerImpl: Progress of TaskAttempt * is : * ,,"2015-10-17 18:11:09,788",INFO,[IPC Server handler 7 on 52839]
org.apache.hadoop.mapred.TaskAttemptListenerImpl: Progress of TaskAttempt * is : * ,,"2015-10-17 18:11:11,022",INFO,[IPC Server handler 14 on 52839]
org.apache.hadoop.mapred.TaskAttemptListenerImpl: Progress of TaskAttempt * is : * ,,"2015-10-17 18:11:11,038",INFO,[IPC Server handler 1 on 52839]
org.apache.hadoop.mapred.TaskAttemptListenerImpl: Progress of TaskAttempt * is : * ,,"2015-10-17 18:11:11,100",INFO,[IPC Server handler 5 on 52839]
org.apache.hadoop.mapred.TaskAttemptListenerImpl: Progress of TaskAttempt * is : * ,,"2015-10-17 18:11:11,506",INFO,[IPC Server handler 27 on 52839]
org.apache.hadoop.mapred.TaskAttemptListenerImpl: Progress of TaskAttempt * is : * ,,"2015-10-17 18:11:11,819",INFO,[IPC Server handler 25 on 52839]
org.apache.hadoop.mapred.TaskAttemptListenerImpl: Progress of TaskAttempt * is : * ,,"2015-10-17 18:11:12,147",INFO,[IPC Server handler 14 on 52839]
org.apache.hadoop.mapred.TaskAttemptListenerImpl: Progress of TaskAttempt * is : * ,,"2015-10-17 18:11:12,569",INFO,[IPC Server handler 13 on 52839]
org.apache.hadoop.mapred.TaskAttemptListenerImpl: Progress of TaskAttempt * is : * ,,"2015-10-17 18:11:12,928",INFO,[IPC Server handler 3 on 52839]
org.apache.hadoop.mapred.TaskAttemptListenerImpl: Progress of TaskAttempt * is : * ,,"2015-10-17 18:11:13,757",INFO,[IPC Server handler 28 on 52839]
org.apache.hadoop.mapred.TaskAttemptListenerImpl: Progress of TaskAttempt * is : * ,,"2015-10-17 18:11:13,944",INFO,[IPC Server handler 25 on 52839]
org.apache.hadoop.mapred.TaskAttemptListenerImpl: Progress of TaskAttempt * is : * ,,"2015-10-17 18:11:14,647",INFO,[IPC Server handler 17 on 52839]
org.apache.hadoop.mapred.TaskAttemptListenerImpl: Progress of TaskAttempt * is : * ,,"2015-10-17 18:11:14,663",INFO,[IPC Server handler 27 on 52839]
org.apache.hadoop.mapred.TaskAttemptListenerImpl: Progress of TaskAttempt * is : * ,,"2015-10-17 18:11:14,850",INFO,[IPC Server handler 28 on 52839]
org.apache.hadoop.mapred.TaskAttemptListenerImpl: Progress of TaskAttempt * is : * ,,"2015-10-17 18:11:14,850",INFO,[IPC Server handler 28 on 52839]
org.apache.hadoop.mapred.TaskAttemptListenerImpl: Progress of TaskAttempt * is : * ,,"2015-10-17 18:11:15,366",INFO,[IPC Server handler 14 on 52839]
org.apache.hadoop.mapred.TaskAttemptListenerImpl: Progress of TaskAttempt * is : * ,,"2015-10-17 18:11:15,585",INFO,[IPC Server handler 17 on 52839]
org.apache.hadoop.mapred.TaskAttemptListenerImpl: Progress of TaskAttempt * is : * ,,"2015-10-17 18:11:16,632",INFO,[IPC Server handler 17 on 52839]
org.apache.hadoop.mapred.TaskAttemptListenerImpl: Progress of TaskAttempt * is : * ,,"2015-10-17 18:11:17,163",INFO,[IPC Server handler 3 on 52839]
org.apache.hadoop.mapred.TaskAttemptListenerImpl: Progress of TaskAttempt * is : * ,,"2015-10-17 18:11:17,710",INFO,[IPC Server handler 13 on 52839]
org.apache.hadoop.mapred.TaskAttemptListenerImpl: Progress of TaskAttempt * is : * ,,"2015-10-17 18:11:17,710",INFO,[IPC Server handler 13 on 52839]
org.apache.hadoop.mapred.TaskAttemptListenerImpl: Progress of TaskAttempt * is : * ,,"2015-10-17 18:11:18,647",INFO,[IPC Server handler 17 on 52839]
org.apache.hadoop.mapred.TaskAttemptListenerImpl: Progress of TaskAttempt * is : * ,,"2015-10-17 18:11:18,882",INFO,[IPC Server handler 27 on 52839]
org.apache.hadoop.mapred.TaskAttemptListenerImpl: Progress of TaskAttempt * is : * ,,"2015-10-17 18:11:18,882",INFO,[IPC Server handler 11 on 52839]
org.apache.hadoop.mapred.TaskAttemptListenerImpl: Progress of TaskAttempt * is : * ,,"2015-10-17 18:11:18,976",INFO,[IPC Server handler 12 on 52839]
org.apache.hadoop.mapred.TaskAttemptListenerImpl: Progress of TaskAttempt * is : * ,,"2015-10-17 18:11:19,179",INFO,[IPC Server handler 26 on 52839]
org.apache.hadoop.mapred.TaskAttemptListenerImpl: Progress of TaskAttempt * is : * ,,"2015-10-17 18:11:19,397",INFO,[IPC Server handler 10 on 52839]
org.apache.hadoop.mapred.TaskAttemptListenerImpl: Progress of TaskAttempt * is : * ,,"2015-10-17 18:11:19,866",INFO,[IPC Server handler 27 on 52839]
org.apache.hadoop.mapred.TaskAttemptListenerImpl: Progress of TaskAttempt * is : * ,,"2015-10-17 18:11:20,335",INFO,[IPC Server handler 7 on 52839]
org.apache.hadoop.mapred.TaskAttemptListenerImpl: Progress of TaskAttempt * is : * ,,"2015-10-17 18:11:21,648",INFO,[IPC Server handler 5 on 52839]
org.apache.hadoop.mapred.TaskAttemptListenerImpl: Progress of TaskAttempt * is : * ,,"2015-10-17 18:11:21,804",INFO,[IPC Server handler 13 on 52839]
org.apache.hadoop.mapred.TaskAttemptListenerImpl: Progress of TaskAttempt * is : * ,,"2015-10-17 18:11:22,351",INFO,[IPC Server handler 25 on 52839]
org.apache.hadoop.mapred.TaskAttemptListenerImpl: Progress of TaskAttempt * is : * ,,"2015-10-17 18:11:22,351",INFO,[IPC Server handler 3 on 52839]
org.apache.hadoop.mapred.TaskAttemptListenerImpl: Progress of TaskAttempt * is : * ,,"2015-10-17 18:11:22,366",INFO,[IPC Server handler 7 on 52839]
org.apache.hadoop.mapred.TaskAttemptListenerImpl: Progress of TaskAttempt * is : * ,,"2015-10-17 18:11:22,398",INFO,[IPC Server handler 29 on 52839]
org.apache.hadoop.mapred.TaskAttemptListenerImpl: Progress of TaskAttempt * is : * ,,"2015-10-17 18:11:22,429",INFO,[IPC Server handler 16 on 52839]
org.apache.hadoop.mapred.TaskAttemptListenerImpl: Progress of TaskAttempt * is : * ,,"2015-10-17 18:11:22,694",INFO,[IPC Server handler 17 on 52839]
org.apache.hadoop.mapred.TaskAttemptListenerImpl: Progress of TaskAttempt * is : * ,,"2015-10-17 18:11:22,929",INFO,[IPC Server handler 27 on 52839]
org.apache.hadoop.mapred.TaskAttemptListenerImpl: Progress of TaskAttempt * is : * ,,"2015-10-17 18:11:23,460",INFO,[IPC Server handler 29 on 52839]
org.apache.hadoop.mapred.TaskAttemptListenerImpl: Progress of TaskAttempt * is : * ,,"2015-10-17 18:11:25,320",INFO,[IPC Server handler 12 on 52839]
org.apache.hadoop.mapred.TaskAttemptListenerImpl: Progress of TaskAttempt * is : * ,,"2015-10-17 18:11:25,429",INFO,[IPC Server handler 9 on 52839]
org.apache.hadoop.mapred.TaskAttemptListenerImpl: Progress of TaskAttempt * is : * ,,"2015-10-17 18:11:25,460",INFO,[IPC Server handler 19 on 52839]
org.apache.hadoop.mapred.TaskAttemptListenerImpl: Progress of TaskAttempt * is : * ,,"2015-10-17 18:11:25,538",INFO,[IPC Server handler 0 on 52839]
org.apache.hadoop.mapred.TaskAttemptListenerImpl: Progress of TaskAttempt * is : * ,,"2015-10-17 18:11:25,648",INFO,[IPC Server handler 10 on 52839]
org.apache.hadoop.mapred.TaskAttemptListenerImpl: Progress of TaskAttempt * is : * ,,"2015-10-17 18:11:25,866",INFO,[IPC Server handler 13 on 52839]
org.apache.hadoop.mapred.TaskAttemptListenerImpl: Progress of TaskAttempt * is : * ,,"2015-10-17 18:11:25,991",INFO,[IPC Server handler 27 on 52839]
org.apache.hadoop.mapred.TaskAttemptListenerImpl: Progress of TaskAttempt * is : * ,,"2015-10-17 18:11:26,054",INFO,[IPC Server handler 11 on 52839]
org.apache.hadoop.mapred.TaskAttemptListenerImpl: Progress of TaskAttempt * is : * ,,"2015-10-17 18:11:26,523",INFO,[IPC Server handler 0 on 52839]
org.apache.hadoop.mapred.TaskAttemptListenerImpl: Progress of TaskAttempt * is : * ,,"2015-10-17 18:11:26,632",INFO,[IPC Server handler 16 on 52839]
org.apache.hadoop.mapred.TaskAttemptListenerImpl: Progress of TaskAttempt * is : * ,,"2015-10-17 18:11:27,804",INFO,[IPC Server handler 8 on 52839]
org.apache.hadoop.mapred.TaskAttemptListenerImpl: Progress of TaskAttempt * is : * ,,"2015-10-17 18:11:28,867",INFO,[IPC Server handler 8 on 52839]
org.apache.hadoop.mapred.TaskAttemptListenerImpl: Progress of TaskAttempt * is : * ,,"2015-10-17 18:11:28,945",INFO,[IPC Server handler 15 on 52839]
org.apache.hadoop.mapred.TaskAttemptListenerImpl: Progress of TaskAttempt * is : * ,,"2015-10-17 18:11:28,960",INFO,[IPC Server handler 13 on 52839]
org.apache.hadoop.mapred.TaskAttemptListenerImpl: Progress of TaskAttempt * is : * ,,"2015-10-17 18:11:29,023",INFO,[IPC Server handler 17 on 52839]
org.apache.hadoop.mapred.TaskAttemptListenerImpl: Progress of TaskAttempt * is : * ,,"2015-10-17 18:11:29,179",INFO,[IPC Server handler 5 on 52839]
org.apache.hadoop.mapred.TaskAttemptListenerImpl: Progress of TaskAttempt * is : * ,,"2015-10-17 18:11:29,226",INFO,[IPC Server handler 11 on 52839]
org.apache.hadoop.mapred.TaskAttemptListenerImpl: Progress of TaskAttempt * is : * ,,"2015-10-17 18:11:29,742",INFO,[IPC Server handler 19 on 52839]
org.apache.hadoop.mapred.TaskAttemptListenerImpl: Progress of TaskAttempt * is : * ,,"2015-10-17 18:11:30,039",INFO,[IPC Server handler 15 on 52839]
org.apache.hadoop.mapred.TaskAttemptListenerImpl: Progress of TaskAttempt * is : * ,,"2015-10-17 18:11:30,117",INFO,[IPC Server handler 5 on 52839]
org.apache.hadoop.mapred.TaskAttemptListenerImpl: Progress of TaskAttempt * is : * ,,"2015-10-17 18:11:30,117",INFO,[IPC Server handler 17 on 52839]
org.apache.hadoop.mapred.TaskAttemptListenerImpl: Progress of TaskAttempt * is : * ,,"2015-10-17 18:11:32,836",INFO,[IPC Server handler 0 on 52839]
org.apache.hadoop.mapred.TaskAttemptListenerImpl: Progress of TaskAttempt * is : * ,,"2015-10-17 18:11:32,882",INFO,[IPC Server handler 25 on 52839]
org.apache.hadoop.mapred.TaskAttemptListenerImpl: Progress of TaskAttempt * is : * ,,"2015-10-17 18:11:32,882",INFO,[IPC Server handler 19 on 52839]
org.apache.hadoop.mapred.TaskAttemptListenerImpl: Progress of TaskAttempt * is : * ,,"2015-10-17 18:11:33,070",INFO,[IPC Server handler 10 on 52839]
org.apache.hadoop.mapred.TaskAttemptListenerImpl: Progress of TaskAttempt * is : * ,,"2015-10-17 18:11:33,070",INFO,[IPC Server handler 10 on 52839]
org.apache.hadoop.mapred.TaskAttemptListenerImpl: Progress of TaskAttempt * is : * ,,"2015-10-17 18:11:33,101",INFO,[IPC Server handler 15 on 52839]
org.apache.hadoop.mapred.TaskAttemptListenerImpl: Progress of TaskAttempt * is : * ,,"2015-10-17 18:11:33,117",INFO,[IPC Server handler 13 on 52839]
org.apache.hadoop.mapred.TaskAttemptListenerImpl: Progress of TaskAttempt * is : * ,,"2015-10-17 18:11:33,414",INFO,[IPC Server handler 11 on 52839]
org.apache.hadoop.mapred.TaskAttemptListenerImpl: Progress of TaskAttempt * is : * ,,"2015-10-17 18:11:33,476",INFO,[IPC Server handler 12 on 52839]
org.apache.hadoop.mapred.TaskAttemptListenerImpl: Progress of TaskAttempt * is : * ,,"2015-10-17 18:11:33,898",INFO,[IPC Server handler 23 on 52839]
org.apache.hadoop.mapred.TaskAttemptListenerImpl: Progress of TaskAttempt * is : * ,,"2015-10-17 18:11:36,367",INFO,[IPC Server handler 5 on 52839]
org.apache.hadoop.mapred.TaskAttemptListenerImpl: Progress of TaskAttempt * is : * ,,"2015-10-17 18:11:36,523",INFO,[IPC Server handler 11 on 52839]
org.apache.hadoop.mapred.TaskAttemptListenerImpl: Progress of TaskAttempt * is : * ,,"2015-10-17 18:11:36,523",INFO,[IPC Server handler 12 on 52839]
org.apache.hadoop.mapred.TaskAttemptListenerImpl: Progress of TaskAttempt * is : * ,,"2015-10-17 18:11:36,851",INFO,[IPC Server handler 9 on 52839]
org.apache.hadoop.mapred.TaskAttemptListenerImpl: Progress of TaskAttempt * is : * ,,"2015-10-17 18:11:36,851",INFO,[IPC Server handler 9 on 52839]
org.apache.hadoop.mapred.TaskAttemptListenerImpl: Progress of TaskAttempt * is : * ,,"2015-10-17 18:11:36,945",INFO,[IPC Server handler 0 on 52839]
org.apache.hadoop.mapred.TaskAttemptListenerImpl: Progress of TaskAttempt * is : * ,,"2015-10-17 18:11:37,445",INFO,[IPC Server handler 5 on 52839]
org.apache.hadoop.mapred.TaskAttemptListenerImpl: Progress of TaskAttempt * is : * ,,"2015-10-17 18:11:37,648",INFO,[IPC Server handler 9 on 52839]
org.apache.hadoop.mapred.TaskAttemptListenerImpl: Progress of TaskAttempt * is : * ,,"2015-10-17 18:11:37,648",INFO,[IPC Server handler 9 on 52839]
org.apache.hadoop.mapred.TaskAttemptListenerImpl: Progress of TaskAttempt * is : * ,,"2015-10-17 18:11:37,976",INFO,[IPC Server handler 23 on 52839]
org.apache.hadoop.mapred.TaskAttemptListenerImpl: Progress of TaskAttempt * is : * ,,"2015-10-17 18:11:39,680",INFO,[IPC Server handler 17 on 52839]
org.apache.hadoop.mapred.TaskAttemptListenerImpl: Progress of TaskAttempt * is : * ,,"2015-10-17 18:11:40,148",INFO,[IPC Server handler 2 on 52839]
org.apache.hadoop.mapred.TaskAttemptListenerImpl: Progress of TaskAttempt * is : * ,,"2015-10-17 18:11:40,242",INFO,[IPC Server handler 29 on 52839]
org.apache.hadoop.mapred.TaskAttemptListenerImpl: Progress of TaskAttempt * is : * ,,"2015-10-17 18:11:40,258",INFO,[IPC Server handler 16 on 52839]
org.apache.hadoop.mapred.TaskAttemptListenerImpl: Progress of TaskAttempt * is : * ,,"2015-10-17 18:11:40,383",INFO,[IPC Server handler 26 on 52839]
org.apache.hadoop.mapred.TaskAttemptListenerImpl: Progress of TaskAttempt * is : * ,,"2015-10-17 18:11:40,648",INFO,[IPC Server handler 17 on 52839]
org.apache.hadoop.mapred.TaskAttemptListenerImpl: Progress of TaskAttempt * is : * ,,"2015-10-17 18:11:40,648",INFO,[IPC Server handler 5 on 52839]
org.apache.hadoop.mapred.TaskAttemptListenerImpl: Progress of TaskAttempt * is : * ,,"2015-10-17 18:11:40,773",INFO,[IPC Server handler 12 on 52839]
org.apache.hadoop.mapred.TaskAttemptListenerImpl: Progress of TaskAttempt * is : * ,,"2015-10-17 18:11:41,477",INFO,[IPC Server handler 15 on 52839]
org.apache.hadoop.mapred.TaskAttemptListenerImpl: Progress of TaskAttempt * is : * ,,"2015-10-17 18:11:41,492",INFO,[IPC Server handler 10 on 52839]
org.apache.hadoop.mapred.TaskAttemptListenerImpl: Progress of TaskAttempt * is : * ,,"2015-10-17 18:11:43,008",INFO,[IPC Server handler 23 on 52839]
org.apache.hadoop.mapred.TaskAttemptListenerImpl: Progress of TaskAttempt * is : * ,,"2015-10-17 18:11:43,195",INFO,[IPC Server handler 2 on 52839]
org.apache.hadoop.mapred.TaskAttemptListenerImpl: Progress of TaskAttempt * is : * ,,"2015-10-17 18:11:43,524",INFO,[IPC Server handler 7 on 52839]
org.apache.hadoop.mapred.TaskAttemptListenerImpl: Progress of TaskAttempt * is : * ,,"2015-10-17 18:11:43,602",INFO,[IPC Server handler 13 on 52839]
org.apache.hadoop.mapred.TaskAttemptListenerImpl: Progress of TaskAttempt * is : * ,,"2015-10-17 18:11:44,117",INFO,[IPC Server handler 2 on 52839]
org.apache.hadoop.mapred.TaskAttemptListenerImpl: Progress of TaskAttempt * is : * ,,"2015-10-17 18:11:44,555",INFO,[IPC Server handler 7 on 52839]
org.apache.hadoop.mapred.TaskAttemptListenerImpl: Progress of TaskAttempt * is : * ,,"2015-10-17 18:11:44,680",INFO,[IPC Server handler 13 on 52839]
org.apache.hadoop.mapred.TaskAttemptListenerImpl: Progress of TaskAttempt * is : * ,,"2015-10-17 18:11:45,149",INFO,[IPC Server handler 23 on 52839]
org.apache.hadoop.mapred.TaskAttemptListenerImpl: Progress of TaskAttempt * is : * ,,"2015-10-17 18:11:45,227",INFO,[IPC Server handler 0 on 52839]
org.apache.hadoop.mapred.TaskAttemptListenerImpl: Progress of TaskAttempt * is : * ,,"2015-10-17 18:11:45,305",INFO,[IPC Server handler 22 on 52839]
org.apache.hadoop.mapred.TaskAttemptListenerImpl: Progress of TaskAttempt * is : * ,,"2015-10-17 18:11:46,867",INFO,[IPC Server handler 17 on 52839]
org.apache.hadoop.mapred.TaskAttemptListenerImpl: Progress of TaskAttempt * is : * ,,"2015-10-17 18:11:46,961",INFO,[IPC Server handler 12 on 52839]
org.apache.hadoop.mapred.TaskAttemptListenerImpl: Progress of TaskAttempt * is : * ,,"2015-10-17 18:11:46,961",INFO,[IPC Server handler 1 on 52839]
org.apache.hadoop.mapred.TaskAttemptListenerImpl: Progress of TaskAttempt * is : * ,,"2015-10-17 18:11:47,055",INFO,[IPC Server handler 14 on 52839]
org.apache.hadoop.mapred.TaskAttemptListenerImpl: Progress of TaskAttempt * is : * ,,"2015-10-17 18:11:47,805",INFO,[IPC Server handler 10 on 52839]
org.apache.hadoop.mapred.TaskAttemptListenerImpl: Progress of TaskAttempt * is : * ,,"2015-10-17 18:11:48,008",INFO,[IPC Server handler 5 on 52839]
org.apache.hadoop.mapred.TaskAttemptListenerImpl: Progress of TaskAttempt * is : * ,,"2015-10-17 18:11:48,446",INFO,[IPC Server handler 0 on 52839]
org.apache.hadoop.mapred.TaskAttemptListenerImpl: Progress of TaskAttempt * is : * ,,"2015-10-17 18:11:48,446",INFO,[IPC Server handler 0 on 52839]
org.apache.hadoop.mapred.TaskAttemptListenerImpl: Progress of TaskAttempt * is : * ,,"2015-10-17 18:11:48,508",INFO,[IPC Server handler 4 on 52839]
org.apache.hadoop.mapred.TaskAttemptListenerImpl: Progress of TaskAttempt * is : * ,,"2015-10-17 18:11:49,149",INFO,[IPC Server handler 5 on 52839]
org.apache.hadoop.mapred.TaskAttemptListenerImpl: Progress of TaskAttempt * is : * ,,"2015-10-17 18:11:50,290",INFO,[IPC Server handler 14 on 52839]
org.apache.hadoop.mapred.TaskAttemptListenerImpl: Progress of TaskAttempt * is : * ,,"2015-10-17 18:11:50,711",INFO,[IPC Server handler 24 on 52839]
org.apache.hadoop.mapred.TaskAttemptListenerImpl: Progress of TaskAttempt * is : * ,,"2015-10-17 18:11:51,102",INFO,[IPC Server handler 8 on 52839]
org.apache.hadoop.mapred.TaskAttemptListenerImpl: Progress of TaskAttempt * is : * ,,"2015-10-17 18:11:51,446",INFO,[IPC Server handler 0 on 52839]
org.apache.hadoop.mapred.TaskAttemptListenerImpl: Progress of TaskAttempt * is : * ,,"2015-10-17 18:11:51,665",INFO,[IPC Server handler 22 on 52839]
org.apache.hadoop.mapred.TaskAttemptListenerImpl: Progress of TaskAttempt * is : * ,,"2015-10-17 18:11:51,696",INFO,[IPC Server handler 4 on 52839]
org.apache.hadoop.mapred.TaskAttemptListenerImpl: Progress of TaskAttempt * is : * ,,"2015-10-17 18:11:51,774",INFO,[IPC Server handler 18 on 52839]
org.apache.hadoop.mapred.TaskAttemptListenerImpl: Progress of TaskAttempt * is : * ,,"2015-10-17 18:11:51,774",INFO,[IPC Server handler 24 on 52839]
org.apache.hadoop.mapred.TaskAttemptListenerImpl: Progress of TaskAttempt * is : * ,,"2015-10-17 18:11:52,227",INFO,[IPC Server handler 1 on 52839]
org.apache.hadoop.mapred.TaskAttemptListenerImpl: Progress of TaskAttempt * is : * ,,"2015-10-17 18:11:52,805",INFO,[IPC Server handler 18 on 52839]
org.apache.hadoop.mapred.TaskAttemptListenerImpl: Progress of TaskAttempt * is : * ,,"2015-10-17 18:11:53,930",INFO,[IPC Server handler 3 on 52839]
org.apache.hadoop.mapred.TaskAttemptListenerImpl: Progress of TaskAttempt * is : * ,,"2015-10-17 18:11:54,227",INFO,[IPC Server handler 1 on 52839]
org.apache.hadoop.mapred.TaskAttemptListenerImpl: Progress of TaskAttempt * is : * ,,"2015-10-17 18:11:54,977",INFO,[IPC Server handler 26 on 52839]
org.apache.hadoop.mapred.TaskAttemptListenerImpl: Progress of TaskAttempt * is : * ,,"2015-10-17 18:11:55,149",INFO,[IPC Server handler 7 on 52839]
org.apache.hadoop.mapred.TaskAttemptListenerImpl: Progress of TaskAttempt * is : * ,,"2015-10-17 18:11:55,634",INFO,[IPC Server handler 4 on 52839]
org.apache.hadoop.mapred.TaskAttemptListenerImpl: Progress of TaskAttempt * is : * ,,"2015-10-17 18:11:55,634",INFO,[IPC Server handler 22 on 52839]
org.apache.hadoop.mapred.TaskAttemptListenerImpl: Progress of TaskAttempt * is : * ,,"2015-10-17 18:11:55,634",INFO,[IPC Server handler 0 on 52839]
org.apache.hadoop.mapred.TaskAttemptListenerImpl: Progress of TaskAttempt * is : * ,,"2015-10-17 18:11:55,665",INFO,[IPC Server handler 24 on 52839]
org.apache.hadoop.mapred.TaskAttemptListenerImpl: Progress of TaskAttempt * is : * ,,"2015-10-17 18:11:55,852",INFO,[IPC Server handler 18 on 52839]
org.apache.hadoop.mapred.TaskAttemptListenerImpl: Progress of TaskAttempt * is : * ,,"2015-10-17 18:11:56,337",INFO,[IPC Server handler 7 on 52839]
"org.apache.hadoop.mapreduce.v2.app.rm.RMContainerAllocator: Recalculating schedule, * ",,"2015-10-17 18:11:57,165",INFO,[RMCommunicator Allocator]
org.apache.hadoop.mapreduce.v2.app.rm.RMContainerAllocator: Reduce slow start threshold * ,,"2015-10-17 18:11:57,165",INFO,[RMCommunicator Allocator]
org.apache.hadoop.mapred.TaskAttemptListenerImpl: Progress of TaskAttempt * is : * ,,"2015-10-17 18:11:57,993",INFO,[IPC Server handler 29 on 52839]
"org.apache.hadoop.mapreduce.v2.app.rm.RMContainerAllocator: Recalculating schedule, * ",,"2015-10-17 18:11:58,259",INFO,[RMCommunicator Allocator]
org.apache.hadoop.mapreduce.v2.app.rm.RMContainerAllocator: Reduce slow start threshold * ,,"2015-10-17 18:11:58,259",INFO,[RMCommunicator Allocator]
org.apache.hadoop.mapred.TaskAttemptListenerImpl: Progress of TaskAttempt * is : * ,,"2015-10-17 18:11:59,118",INFO,[IPC Server handler 0 on 52839]
org.apache.hadoop.mapred.TaskAttemptListenerImpl: Progress of TaskAttempt * is : * ,,"2015-10-17 18:11:59,759",INFO,[IPC Server handler 14 on 52839]
org.apache.hadoop.mapred.TaskAttemptListenerImpl: Progress of TaskAttempt * is : * ,,"2015-10-17 18:11:59,931",INFO,[IPC Server handler 24 on 52839]
org.apache.hadoop.mapred.TaskAttemptListenerImpl: Progress of TaskAttempt * is : * ,,"2015-10-17 18:12:00,024",INFO,[IPC Server handler 0 on 52839]
org.apache.hadoop.mapred.TaskAttemptListenerImpl: Progress of TaskAttempt * is : * ,,"2015-10-17 18:12:00,056",INFO,[IPC Server handler 4 on 52839]
org.apache.hadoop.mapred.TaskAttemptListenerImpl: Progress of TaskAttempt * is : * ,,"2015-10-17 18:12:00,931",INFO,[IPC Server handler 9 on 52839]
org.apache.hadoop.mapred.TaskAttemptListenerImpl: Progress of TaskAttempt * is : * ,,"2015-10-17 18:12:01,446",INFO,[IPC Server handler 15 on 52839]
org.apache.hadoop.mapred.TaskAttemptListenerImpl: Progress of TaskAttempt * is : * ,,"2015-10-17 18:12:02,134",INFO,[IPC Server handler 24 on 52839]
"org.apache.hadoop.mapreduce.v2.app.rm.RMContainerAllocator: Recalculating schedule, * ",,"2015-10-17 18:12:02,915",INFO,[RMCommunicator Allocator]
org.apache.hadoop.mapreduce.v2.app.rm.RMContainerAllocator: Reduce slow start threshold * ,,"2015-10-17 18:12:02,915",INFO,[RMCommunicator Allocator]
org.apache.hadoop.mapred.TaskAttemptListenerImpl: Progress of TaskAttempt * is : * ,,"2015-10-17 18:12:03,181",INFO,[IPC Server handler 0 on 52839]
org.apache.hadoop.mapred.TaskAttemptListenerImpl: Progress of TaskAttempt * is : * ,,"2015-10-17 18:12:03,603",INFO,[IPC Server handler 20 on 52839]
org.apache.hadoop.mapred.TaskAttemptListenerImpl: Progress of TaskAttempt * is : * ,,"2015-10-17 18:12:04,743",INFO,[IPC Server handler 13 on 52839]
org.apache.hadoop.mapred.TaskAttemptListenerImpl: Progress of TaskAttempt * is : * ,,"2015-10-17 18:12:04,806",INFO,[IPC Server handler 10 on 52839]
org.apache.hadoop.mapred.TaskAttemptListenerImpl: Progress of TaskAttempt * is : * ,,"2015-10-17 18:12:05,353",INFO,[IPC Server handler 4 on 52839]
SecurityLogger.org.apache.hadoop.ipc.Server: Auth successful for * (auth:SIMPLE) ,,"2015-10-17 18:12:06,603",INFO,[Socket Reader #1 for port 52839]
org.apache.hadoop.mapred.TaskAttemptListenerImpl: Progress of TaskAttempt * is : * ,,"2015-10-17 18:12:06,665",INFO,[IPC Server handler 26 on 52839]
org.apache.hadoop.mapred.TaskAttemptListenerImpl: Progress of TaskAttempt * is : * ,,"2015-10-17 18:12:06,681",INFO,[IPC Server handler 3 on 52839]
org.apache.hadoop.mapred.TaskAttemptListenerImpl: Progress of TaskAttempt * is : * ,,"2015-10-17 18:12:06,978",INFO,[IPC Server handler 12 on 52839]
org.apache.hadoop.mapred.TaskAttemptListenerImpl: Progress of TaskAttempt * is : * ,,"2015-10-17 18:12:07,259",INFO,[IPC Server handler 11 on 52839]
org.apache.hadoop.mapred.TaskAttemptListenerImpl: Progress of TaskAttempt * is : * ,,"2015-10-17 18:12:08,447",INFO,[IPC Server handler 0 on 52839]
org.apache.hadoop.mapred.TaskAttemptListenerImpl: Progress of TaskAttempt * is : * ,,"2015-10-17 18:12:08,665",INFO,[IPC Server handler 29 on 52839]
org.apache.hadoop.mapred.TaskAttemptListenerImpl: Progress of TaskAttempt * is : * ,,"2015-10-17 18:12:09,353",INFO,[IPC Server handler 27 on 52839]
org.apache.hadoop.mapred.TaskAttemptListenerImpl: Progress of TaskAttempt * is : * ,,"2015-10-17 18:12:09,853",INFO,[IPC Server handler 26 on 52839]
org.apache.hadoop.mapred.TaskAttemptListenerImpl: Progress of TaskAttempt * is : * ,,"2015-10-17 18:12:10,009",INFO,[IPC Server handler 10 on 52839]
"org.apache.hadoop.mapreduce.v2.app.rm.RMContainerAllocator: Recalculating schedule, * ",,"2015-10-17 18:12:10,275",INFO,[RMCommunicator Allocator]
org.apache.hadoop.mapreduce.v2.app.rm.RMContainerAllocator: Reduce slow start threshold * ,,"2015-10-17 18:12:10,275",INFO,[RMCommunicator Allocator]
org.apache.hadoop.mapred.TaskAttemptListenerImpl: Progress of TaskAttempt * is : * ,,"2015-10-17 18:12:10,666",INFO,[IPC Server handler 22 on 52839]
org.apache.hadoop.mapred.TaskAttemptListenerImpl: Progress of TaskAttempt * is : * ,,"2015-10-17 18:12:11,056",INFO,[IPC Server handler 15 on 52839]
org.apache.hadoop.mapred.TaskAttemptListenerImpl: Progress of TaskAttempt * is : * ,,"2015-10-17 18:12:11,931",INFO,[IPC Server handler 26 on 52839]
org.apache.hadoop.mapred.TaskAttemptListenerImpl: Progress of TaskAttempt * is : * ,,"2015-10-17 18:12:12,119",INFO,[IPC Server handler 20 on 52839]
org.apache.hadoop.mapred.TaskAttemptListenerImpl: Progress of TaskAttempt * is : * ,,"2015-10-17 18:12:13,181",INFO,[IPC Server handler 20 on 52839]
SecurityLogger.org.apache.hadoop.ipc.Server: Auth successful for * (auth:SIMPLE) ,,"2015-10-17 18:12:13,369",INFO,[Socket Reader #1 for port 52839]
org.apache.hadoop.mapred.TaskAttemptListenerImpl: Progress of TaskAttempt * is : * ,,"2015-10-17 18:12:13,416",INFO,[IPC Server handler 11 on 52839]
org.apache.hadoop.mapred.TaskAttemptListenerImpl: Progress of TaskAttempt * is : * ,,"2015-10-17 18:12:13,478",INFO,[IPC Server handler 14 on 52839]
SecurityLogger.org.apache.hadoop.ipc.Server: Auth successful for * (auth:SIMPLE) ,,"2015-10-17 18:12:13,634",INFO,[Socket Reader #1 for port 52839]
org.apache.hadoop.mapred.TaskAttemptListenerImpl: Progress of TaskAttempt * is : * ,,"2015-10-17 18:12:13,728",INFO,[IPC Server handler 4 on 52839]
org.apache.hadoop.mapred.TaskAttemptListenerImpl: Progress of TaskAttempt * is : * ,,"2015-10-17 18:12:13,744",INFO,[IPC Server handler 22 on 52839]
org.apache.hadoop.mapred.TaskAttemptListenerImpl: Progress of TaskAttempt * is : * ,,"2015-10-17 18:12:14,463",INFO,[IPC Server handler 7 on 52839]
org.apache.hadoop.mapred.TaskAttemptListenerImpl: Progress of TaskAttempt * is : * ,,"2015-10-17 18:12:14,838",INFO,[IPC Server handler 18 on 52839]
org.apache.hadoop.mapred.TaskAttemptListenerImpl: Progress of TaskAttempt * is : * ,,"2015-10-17 18:12:15,884",INFO,[IPC Server handler 4 on 52839]
org.apache.hadoop.mapred.TaskAttemptListenerImpl: Progress of TaskAttempt * is : * ,,"2015-10-17 18:12:15,947",INFO,[IPC Server handler 29 on 52839]
org.apache.hadoop.mapred.TaskAttemptListenerImpl: Progress of TaskAttempt * is : * ,,"2015-10-17 18:12:16,635",INFO,[IPC Server handler 14 on 52839]
org.apache.hadoop.mapred.TaskAttemptListenerImpl: Progress of TaskAttempt * is : * ,,"2015-10-17 18:12:16,822",INFO,[IPC Server handler 0 on 52839]
org.apache.hadoop.mapred.TaskAttemptListenerImpl: Progress of TaskAttempt * is : * ,,"2015-10-17 18:12:16,853",INFO,[IPC Server handler 22 on 52839]
org.apache.hadoop.mapred.TaskAttemptListenerImpl: Progress of TaskAttempt * is : * ,,"2015-10-17 18:12:17,306",INFO,[IPC Server handler 3 on 52839]
org.apache.hadoop.mapred.TaskAttemptListenerImpl: Progress of TaskAttempt * is : * ,,"2015-10-17 18:12:17,416",INFO,[IPC Server handler 12 on 52839]
org.apache.hadoop.mapred.TaskAttemptListenerImpl: Progress of TaskAttempt * is : * ,,"2015-10-17 18:12:18,275",INFO,[IPC Server handler 26 on 52839]
org.apache.hadoop.mapred.TaskAttemptListenerImpl: Progress of TaskAttempt * is : * ,,"2015-10-17 18:12:18,478",INFO,[IPC Server handler 21 on 52839]
SecurityLogger.org.apache.hadoop.ipc.Server: Auth successful for * (auth:SIMPLE) ,,"2015-10-17 18:12:18,853",INFO,[Socket Reader #1 for port 52839]
org.apache.hadoop.mapred.TaskAttemptListenerImpl: Progress of TaskAttempt * is : * ,,"2015-10-17 18:12:18,916",INFO,[IPC Server handler 0 on 52839]
org.apache.hadoop.mapred.TaskAttemptListenerImpl: Progress of TaskAttempt * is : * ,,"2015-10-17 18:12:19,322",INFO,[IPC Server handler 3 on 52839]
org.apache.hadoop.mapred.TaskAttemptListenerImpl: Progress of TaskAttempt * is : * ,,"2015-10-17 18:12:19,525",INFO,[IPC Server handler 7 on 52839]
org.apache.hadoop.mapred.TaskAttemptListenerImpl: Progress of TaskAttempt * is : * ,,"2015-10-17 18:12:19,869",INFO,[IPC Server handler 9 on 52839]
org.apache.hadoop.mapred.TaskAttemptListenerImpl: Progress of TaskAttempt * is : * ,,"2015-10-17 18:12:20,025",INFO,[IPC Server handler 18 on 52839]
org.apache.hadoop.mapred.TaskAttemptListenerImpl: Progress of TaskAttempt * is : * ,,"2015-10-17 18:12:20,260",INFO,[IPC Server handler 26 on 52839]
org.apache.hadoop.mapred.TaskAttemptListenerImpl: Progress of TaskAttempt * is : * ,,"2015-10-17 18:12:20,807",INFO,[IPC Server handler 9 on 52839]
org.apache.hadoop.mapred.TaskAttemptListenerImpl: Progress of TaskAttempt * is : * ,,"2015-10-17 18:12:21,338",INFO,[IPC Server handler 26 on 52839]
org.apache.hadoop.mapred.TaskAttemptListenerImpl: Progress of TaskAttempt * is : * ,,"2015-10-17 18:12:22,229",INFO,[IPC Server handler 24 on 52839]
org.apache.hadoop.mapred.TaskAttemptListenerImpl: Progress of TaskAttempt * is : * ,,"2015-10-17 18:12:22,400",INFO,[IPC Server handler 26 on 52839]
org.apache.hadoop.mapred.TaskAttemptListenerImpl: Progress of TaskAttempt * is : * ,,"2015-10-17 18:12:22,400",INFO,[IPC Server handler 3 on 52839]
org.apache.hadoop.mapred.TaskAttemptListenerImpl: Progress of TaskAttempt * is : * ,,"2015-10-17 18:12:22,760",INFO,[IPC Server handler 11 on 52839]
org.apache.hadoop.mapred.TaskAttemptListenerImpl: Progress of TaskAttempt * is : * ,,"2015-10-17 18:12:23,088",INFO,[IPC Server handler 27 on 52839]
org.apache.hadoop.mapred.TaskAttemptListenerImpl: Progress of TaskAttempt * is : * ,,"2015-10-17 18:12:23,291",INFO,[IPC Server handler 24 on 52839]
org.apache.hadoop.mapred.TaskAttemptListenerImpl: Progress of TaskAttempt * is : * ,,"2015-10-17 18:12:23,463",INFO,[IPC Server handler 12 on 52839]
org.apache.hadoop.mapred.TaskAttemptListenerImpl: Progress of TaskAttempt * is : * ,,"2015-10-17 18:12:23,572",INFO,[IPC Server handler 10 on 52839]
org.apache.hadoop.mapred.TaskAttemptListenerImpl: Progress of TaskAttempt * is : * ,,"2015-10-17 18:12:24,307",INFO,[IPC Server handler 18 on 52839]
org.apache.hadoop.mapred.TaskAttemptListenerImpl: Progress of TaskAttempt * is : * ,,"2015-10-17 18:12:24,651",INFO,[IPC Server handler 15 on 52839]
"org.apache.hadoop.mapreduce.v2.app.rm.RMContainerAllocator: Recalculating schedule, * ",,"2015-10-17 18:12:25,213",INFO,[RMCommunicator Allocator]
org.apache.hadoop.mapreduce.v2.app.rm.RMContainerAllocator: Reduce slow start threshold * ,,"2015-10-17 18:12:25,213",INFO,[RMCommunicator Allocator]
org.apache.hadoop.mapred.TaskAttemptListenerImpl: Progress of TaskAttempt * is : * ,,"2015-10-17 18:12:25,744",INFO,[IPC Server handler 13 on 52839]
org.apache.hadoop.mapred.TaskAttemptListenerImpl: Progress of TaskAttempt * is : * ,,"2015-10-17 18:12:26,010",INFO,[IPC Server handler 8 on 52839]
org.apache.hadoop.mapred.TaskAttemptListenerImpl: Progress of TaskAttempt * is : * ,,"2015-10-17 18:12:26,166",INFO,[IPC Server handler 23 on 52839]
org.apache.hadoop.mapred.TaskAttemptListenerImpl: Progress of TaskAttempt * is : * ,,"2015-10-17 18:12:26,229",INFO,[IPC Server handler 2 on 52839]
org.apache.hadoop.mapred.TaskAttemptListenerImpl: Progress of TaskAttempt * is : * ,,"2015-10-17 18:12:26,260",INFO,[IPC Server handler 18 on 52839]
org.apache.hadoop.mapred.TaskAttemptListenerImpl: Progress of TaskAttempt * is : * ,,"2015-10-17 18:12:26,479",INFO,[IPC Server handler 12 on 52839]
org.apache.hadoop.mapred.TaskAttemptListenerImpl: Progress of TaskAttempt * is : * ,,"2015-10-17 18:12:26,979",INFO,[IPC Server handler 8 on 52839]
org.apache.hadoop.mapred.TaskAttemptListenerImpl: Progress of TaskAttempt * is : * ,,"2015-10-17 18:12:27,338",INFO,[IPC Server handler 22 on 52839]
org.apache.hadoop.mapred.TaskAttemptListenerImpl: Progress of TaskAttempt * is : * ,,"2015-10-17 18:12:27,729",INFO,[IPC Server handler 26 on 52839]
org.apache.hadoop.mapred.TaskAttemptListenerImpl: Progress of TaskAttempt * is : * ,,"2015-10-17 18:12:28,010",INFO,[IPC Server handler 20 on 52839]
org.apache.hadoop.mapred.TaskAttemptListenerImpl: Progress of TaskAttempt * is : * ,,"2015-10-17 18:12:28,744",INFO,[IPC Server handler 26 on 52839]
org.apache.hadoop.mapred.TaskAttemptListenerImpl: Done acknowledgement from * ,,"2015-10-17 18:12:28,854",INFO,[IPC Server handler 3 on 52839]
org.apache.hadoop.mapreduce.v2.app.job.impl.TaskAttemptImpl: * TaskAttempt Transitioned from * to * ,,"2015-10-17 18:12:28,854",INFO,[AsyncDispatcher event handler]
org.apache.hadoop.mapreduce.v2.app.launcher.ContainerLauncherImpl: Processing the event EventType: * for container * taskAttempt * ,,"2015-10-17 18:12:28,854",INFO,[ContainerLauncher #0]
org.apache.hadoop.mapreduce.v2.app.launcher.ContainerLauncherImpl: KILLING * ,,"2015-10-17 18:12:28,854",INFO,[ContainerLauncher #0]
org.apache.hadoop.yarn.client.api.impl.ContainerManagementProtocolProxy: Opening proxy : * ,,"2015-10-17 18:12:28,854",INFO,[ContainerLauncher #0]
org.apache.hadoop.mapred.TaskAttemptListenerImpl: Progress of TaskAttempt * is : * ,,"2015-10-17 18:12:29,448",INFO,[IPC Server handler 0 on 52839]
org.apache.hadoop.mapred.TaskAttemptListenerImpl: Progress of TaskAttempt * is : * ,,"2015-10-17 18:12:29,776",INFO,[IPC Server handler 26 on 52839]
org.apache.hadoop.mapreduce.v2.app.job.impl.TaskAttemptImpl: * TaskAttempt Transitioned from * to * ,,"2015-10-17 18:12:29,854",INFO,[AsyncDispatcher event handler]
org.apache.hadoop.mapreduce.v2.app.job.impl.TaskImpl: Task succeeded with attempt * ,,"2015-10-17 18:12:29,870",INFO,[AsyncDispatcher event handler]
org.apache.hadoop.mapreduce.v2.app.job.impl.TaskImpl: * Task Transitioned from * to * ,,"2015-10-17 18:12:29,870",INFO,[AsyncDispatcher event handler]
org.apache.hadoop.mapreduce.v2.app.job.impl.JobImpl: Num completed Tasks: * ,,"2015-10-17 18:12:29,870",INFO,[AsyncDispatcher event handler]
org.apache.hadoop.mapred.TaskAttemptListenerImpl: Progress of TaskAttempt * is : * ,,"2015-10-17 18:12:30,166",INFO,[IPC Server handler 20 on 52839]
org.apache.hadoop.mapred.TaskAttemptListenerImpl: Progress of TaskAttempt * is : * ,,"2015-10-17 18:12:30,166",INFO,[IPC Server handler 20 on 52839]
org.apache.hadoop.mapred.TaskAttemptListenerImpl: Progress of TaskAttempt * is : * ,,"2015-10-17 18:12:30,166",INFO,[IPC Server handler 25 on 52839]
org.apache.hadoop.mapreduce.v2.app.speculate.DefaultSpeculator: DefaultSpeculator.addSpeculativeAttempt -- we are speculating * ,,"2015-10-17 18:12:30,166",INFO,[DefaultSpeculator background processing]
org.apache.hadoop.mapreduce.v2.app.speculate.DefaultSpeculator: We launched 1 speculations. Sleeping 15000 milliseconds. ,,"2015-10-17 18:12:30,166",INFO,[DefaultSpeculator background processing]
org.apache.hadoop.mapreduce.v2.app.job.impl.TaskImpl: Scheduling a redundant attempt for task * ,,"2015-10-17 18:12:30,166",INFO,[AsyncDispatcher event handler]
org.apache.hadoop.yarn.util.RackResolver: Resolved * to /default-rack ,,"2015-10-17 18:12:30,166",INFO,[AsyncDispatcher event handler]
org.apache.hadoop.yarn.util.RackResolver: Resolved * to /default-rack ,,"2015-10-17 18:12:30,166",INFO,[AsyncDispatcher event handler]
org.apache.hadoop.mapreduce.v2.app.job.impl.TaskAttemptImpl: * TaskAttempt Transitioned from * to * ,,"2015-10-17 18:12:30,166",INFO,[AsyncDispatcher event handler]
org.apache.hadoop.mapred.TaskAttemptListenerImpl: Progress of TaskAttempt * is : * ,,"2015-10-17 18:12:30,260",INFO,[IPC Server handler 14 on 52839]
org.apache.hadoop.mapreduce.v2.app.rm.RMContainerAllocator: * Scheduling: PendingReds:1 * ScheduledReds:0 * AssignedReds:0 * CompletedReds:0 * ContRel:0 * ,,"2015-10-17 18:12:30,682",INFO,[RMCommunicator Allocator]
org.apache.hadoop.mapreduce.v2.app.rm.RMContainerRequestor: getResources() for * release= 0 newContainers=0 * ,,"2015-10-17 18:12:30,682",INFO,[RMCommunicator Allocator]
"org.apache.hadoop.mapreduce.v2.app.rm.RMContainerAllocator: Recalculating schedule, * ",,"2015-10-17 18:12:30,682",INFO,[RMCommunicator Allocator]
org.apache.hadoop.mapreduce.v2.app.rm.RMContainerAllocator: Reduce slow start threshold * ,,"2015-10-17 18:12:30,682",INFO,[RMCommunicator Allocator]
"org.apache.hadoop.mapreduce.v2.app.rm.RMContainerAllocator: completedMapPercent 0.1 * netScheduledMapResource:<memory:11264, vCores:11> netScheduledReduceResource:<memory:0, vCores:0> ",,"2015-10-17 18:12:30,682",INFO,[RMCommunicator Allocator]
org.apache.hadoop.mapreduce.v2.app.rm.RMContainerAllocator: Ramping up 1 ,,"2015-10-17 18:12:30,682",INFO,[RMCommunicator Allocator]
org.apache.hadoop.mapreduce.v2.app.rm.RMContainerAllocator: * Scheduling: PendingReds:0 * ScheduledReds:1 AssignedMaps:10 AssignedReds:0 * CompletedReds:0 * ,,"2015-10-17 18:12:30,682",INFO,[RMCommunicator Allocator]
org.apache.hadoop.mapred.TaskAttemptListenerImpl: Progress of TaskAttempt * is : * ,,"2015-10-17 18:12:30,760",INFO,[IPC Server handler 29 on 52839]
org.apache.hadoop.mapred.TaskAttemptListenerImpl: Progress of TaskAttempt * is : * ,,"2015-10-17 18:12:31,041",INFO,[IPC Server handler 13 on 52839]
org.apache.hadoop.mapred.TaskAttemptListenerImpl: Progress of TaskAttempt * is : * ,,"2015-10-17 18:12:31,323",INFO,[IPC Server handler 14 on 52839]
org.apache.hadoop.mapreduce.v2.app.rm.RMContainerRequestor: getResources() for * release= 0 * knownNMs=5 ,,"2015-10-17 18:12:31,760",INFO,[RMCommunicator Allocator]
org.apache.hadoop.mapreduce.v2.app.rm.RMContainerAllocator: Received completed container * ,,"2015-10-17 18:12:31,760",INFO,[RMCommunicator Allocator]
org.apache.hadoop.mapreduce.v2.app.rm.RMContainerAllocator: Got allocated containers * ,,"2015-10-17 18:12:31,760",INFO,[RMCommunicator Allocator]
org.apache.hadoop.yarn.util.RackResolver: Resolved * to /default-rack ,,"2015-10-17 18:12:31,760",INFO,[RMCommunicator Allocator]
org.apache.hadoop.mapreduce.v2.app.rm.RMContainerAllocator: Assigned * to * ,,"2015-10-17 18:12:31,760",INFO,[RMCommunicator Allocator]
org.apache.hadoop.mapreduce.v2.app.rm.RMContainerAllocator: * Scheduling: PendingReds:0 * ScheduledReds:1 AssignedMaps:10 AssignedReds:0 * CompletedReds:0 * ,,"2015-10-17 18:12:31,760",INFO,[RMCommunicator Allocator]
org.apache.hadoop.mapreduce.v2.app.job.impl.TaskAttemptImpl: Diagnostics report from * Container * ,,"2015-10-17 18:12:31,760",INFO,[AsyncDispatcher event handler]
org.apache.hadoop.yarn.util.RackResolver: Resolved * to /default-rack ,,"2015-10-17 18:12:31,760",INFO,[AsyncDispatcher event handler]
org.apache.hadoop.mapreduce.v2.app.job.impl.TaskAttemptImpl: * TaskAttempt Transitioned from * to * ,,"2015-10-17 18:12:31,760",INFO,[AsyncDispatcher event handler]
org.apache.hadoop.mapreduce.v2.app.launcher.ContainerLauncherImpl: Processing the event EventType: * for container * taskAttempt * ,,"2015-10-17 18:12:31,760",INFO,[ContainerLauncher #1]
org.apache.hadoop.mapreduce.v2.app.launcher.ContainerLauncherImpl: Launching * ,,"2015-10-17 18:12:31,760",INFO,[ContainerLauncher #1]
org.apache.hadoop.yarn.client.api.impl.ContainerManagementProtocolProxy: Opening proxy : * ,,"2015-10-17 18:12:31,760",INFO,[ContainerLauncher #1]
org.apache.hadoop.mapreduce.v2.app.launcher.ContainerLauncherImpl: Shuffle port returned by ContainerManager for * : 13562 ,,"2015-10-17 18:12:32,229",INFO,[ContainerLauncher #1]
org.apache.hadoop.mapreduce.v2.app.job.impl.TaskAttemptImpl: TaskAttempt: * using containerId: * on NM: * ,,"2015-10-17 18:12:32,229",INFO,[AsyncDispatcher event handler]
org.apache.hadoop.mapreduce.v2.app.job.impl.TaskAttemptImpl: * TaskAttempt Transitioned from * to * ,,"2015-10-17 18:12:32,229",INFO,[AsyncDispatcher event handler]
org.apache.hadoop.mapreduce.v2.app.speculate.DefaultSpeculator: ATTEMPT_START * ,,"2015-10-17 18:12:32,229",INFO,[AsyncDispatcher event handler]
org.apache.hadoop.mapreduce.v2.app.rm.RMContainerRequestor: getResources() for * release= 0 * knownNMs=5 ,,"2015-10-17 18:12:32,807",INFO,[RMCommunicator Allocator]
org.apache.hadoop.mapreduce.v2.app.rm.RMContainerAllocator: Got allocated containers * ,,"2015-10-17 18:12:32,807",INFO,[RMCommunicator Allocator]
org.apache.hadoop.mapreduce.v2.app.rm.RMContainerAllocator: Assigned * to * ,,"2015-10-17 18:12:32,807",INFO,[RMCommunicator Allocator]
org.apache.hadoop.mapreduce.v2.app.rm.RMContainerAllocator: Assigned * to * ,,"2015-10-17 18:12:32,807",INFO,[RMCommunicator Allocator]
org.apache.hadoop.mapreduce.v2.app.rm.RMContainerAllocator: * Scheduling: PendingReds:0 * ScheduledReds:0 * AssignedReds:1 * CompletedReds:0 * ContRel:0 * ,,"2015-10-17 18:12:32,807",INFO,[RMCommunicator Allocator]
org.apache.hadoop.mapred.TaskAttemptListenerImpl: Progress of TaskAttempt * is : * ,,"2015-10-17 18:12:32,870",INFO,[IPC Server handler 12 on 52839]
org.apache.hadoop.yarn.util.RackResolver: Resolved * to /default-rack ,,"2015-10-17 18:12:33,151",INFO,[AsyncDispatcher event handler]
org.apache.hadoop.mapreduce.v2.app.job.impl.TaskAttemptImpl: * TaskAttempt Transitioned from * to * ,,"2015-10-17 18:12:33,151",INFO,[AsyncDispatcher event handler]
org.apache.hadoop.mapreduce.v2.app.launcher.ContainerLauncherImpl: Processing the event EventType: * for container * taskAttempt * ,,"2015-10-17 18:12:33,151",INFO,[ContainerLauncher #3]
org.apache.hadoop.mapreduce.v2.app.launcher.ContainerLauncherImpl: Launching * ,,"2015-10-17 18:12:33,151",INFO,[ContainerLauncher #3]
org.apache.hadoop.yarn.client.api.impl.ContainerManagementProtocolProxy: Opening proxy : * ,,"2015-10-17 18:12:33,151",INFO,[ContainerLauncher #3]
org.apache.hadoop.mapred.TaskAttemptListenerImpl: Progress of TaskAttempt * is : * ,,"2015-10-17 18:12:33,370",INFO,[IPC Server handler 20 on 52839]
org.apache.hadoop.mapreduce.v2.app.launcher.ContainerLauncherImpl: Shuffle port returned by ContainerManager for * : 13562 ,,"2015-10-17 18:12:33,370",INFO,[ContainerLauncher #3]
org.apache.hadoop.mapreduce.v2.app.job.impl.TaskAttemptImpl: TaskAttempt: * using containerId: * on NM: * ,,"2015-10-17 18:12:33,370",INFO,[AsyncDispatcher event handler]
org.apache.hadoop.mapreduce.v2.app.job.impl.TaskAttemptImpl: * TaskAttempt Transitioned from * to * ,,"2015-10-17 18:12:33,370",INFO,[AsyncDispatcher event handler]
org.apache.hadoop.mapreduce.v2.app.speculate.DefaultSpeculator: ATTEMPT_START * ,,"2015-10-17 18:12:33,370",INFO,[AsyncDispatcher event handler]
org.apache.hadoop.mapreduce.v2.app.job.impl.TaskImpl: * Task Transitioned from * to * ,,"2015-10-17 18:12:33,370",INFO,[AsyncDispatcher event handler]
org.apache.hadoop.mapred.TaskAttemptListenerImpl: Progress of TaskAttempt * is : * ,,"2015-10-17 18:12:33,682",INFO,[IPC Server handler 22 on 52839]
org.apache.hadoop.mapred.TaskAttemptListenerImpl: Progress of TaskAttempt * is : * ,,"2015-10-17 18:12:33,807",INFO,[IPC Server handler 18 on 52839]
org.apache.hadoop.mapreduce.v2.app.rm.RMContainerRequestor: getResources() for * release= 0 newContainers=0 * ,,"2015-10-17 18:12:33,854",INFO,[RMCommunicator Allocator]
org.apache.hadoop.mapred.TaskAttemptListenerImpl: Progress of TaskAttempt * is : * ,,"2015-10-17 18:12:33,932",INFO,[IPC Server handler 26 on 52839]
org.apache.hadoop.mapred.TaskAttemptListenerImpl: Progress of TaskAttempt * is : * ,,"2015-10-17 18:12:34,604",INFO,[IPC Server handler 0 on 52839]
org.apache.hadoop.mapred.TaskAttemptListenerImpl: Progress of TaskAttempt * is : * ,,"2015-10-17 18:12:34,807",INFO,[IPC Server handler 2 on 52839]
org.apache.hadoop.mapred.TaskAttemptListenerImpl: Progress of TaskAttempt * is : * ,,"2015-10-17 18:12:35,417",INFO,[IPC Server handler 3 on 52839]
org.apache.hadoop.mapred.TaskAttemptListenerImpl: Progress of TaskAttempt * is : * ,,"2015-10-17 18:12:35,667",INFO,[IPC Server handler 0 on 52839]
SecurityLogger.org.apache.hadoop.ipc.Server: Auth successful for * (auth:SIMPLE) ,,"2015-10-17 18:12:35,948",INFO,[Socket Reader #1 for port 52839]
org.apache.hadoop.mapred.TaskAttemptListenerImpl: JVM with ID : * asked for a task ,,"2015-10-17 18:12:36,042",INFO,[IPC Server handler 24 on 52839]
org.apache.hadoop.mapred.TaskAttemptListenerImpl: JVM with ID: * given task: * ,,"2015-10-17 18:12:36,042",INFO,[IPC Server handler 24 on 52839]
org.apache.hadoop.mapred.TaskAttemptListenerImpl: Progress of TaskAttempt * is : * ,,"2015-10-17 18:12:36,839",INFO,[IPC Server handler 27 on 52839]
org.apache.hadoop.mapred.TaskAttemptListenerImpl: Progress of TaskAttempt * is : * ,,"2015-10-17 18:12:36,979",INFO,[IPC Server handler 24 on 52839]
org.apache.hadoop.mapred.TaskAttemptListenerImpl: Progress of TaskAttempt * is : * ,,"2015-10-17 18:12:37,542",INFO,[IPC Server handler 10 on 52839]
org.apache.hadoop.mapred.TaskAttemptListenerImpl: MapCompletionEvents request from * startIndex * maxEvents 10000 ,,"2015-10-17 18:12:37,636",INFO,[IPC Server handler 15 on 52839]
org.apache.hadoop.mapred.TaskAttemptListenerImpl: Progress of TaskAttempt * is : * ,,"2015-10-17 18:12:37,714",INFO,[IPC Server handler 0 on 52839]
org.apache.hadoop.mapred.TaskAttemptListenerImpl: Progress of TaskAttempt * is : * ,,"2015-10-17 18:12:37,823",INFO,[IPC Server handler 9 on 52839]
org.apache.hadoop.mapred.TaskAttemptListenerImpl: Progress of TaskAttempt * is : * ,,"2015-10-17 18:12:38,386",INFO,[IPC Server handler 13 on 52839]
org.apache.hadoop.mapred.TaskAttemptListenerImpl: Progress of TaskAttempt * is : * ,,"2015-10-17 18:12:38,464",INFO,[IPC Server handler 3 on 52839]
org.apache.hadoop.mapred.TaskAttemptListenerImpl: MapCompletionEvents request from * startIndex * maxEvents 10000 ,,"2015-10-17 18:12:38,682",INFO,[IPC Server handler 25 on 52839]
org.apache.hadoop.mapred.TaskAttemptListenerImpl: Progress of TaskAttempt * is : * ,,"2015-10-17 18:12:39,104",INFO,[IPC Server handler 24 on 52839]
org.apache.hadoop.mapred.TaskAttemptListenerImpl: Progress of TaskAttempt * is : * ,,"2015-10-17 18:12:39,261",INFO,[IPC Server handler 4 on 52839]
org.apache.hadoop.mapred.TaskAttemptListenerImpl: MapCompletionEvents request from * startIndex * maxEvents 10000 ,,"2015-10-17 18:12:39,745",INFO,[IPC Server handler 20 on 52839]
org.apache.hadoop.mapred.TaskAttemptListenerImpl: Progress of TaskAttempt * is : * ,,"2015-10-17 18:12:40,292",INFO,[IPC Server handler 4 on 52839]
org.apache.hadoop.mapred.TaskAttemptListenerImpl: Progress of TaskAttempt * is : * ,,"2015-10-17 18:12:40,417",INFO,[IPC Server handler 13 on 52839]
org.apache.hadoop.mapred.TaskAttemptListenerImpl: MapCompletionEvents request from * startIndex * maxEvents 10000 ,,"2015-10-17 18:12:40,839",INFO,[IPC Server handler 20 on 52839]
org.apache.hadoop.mapred.TaskAttemptListenerImpl: Progress of TaskAttempt * is : * ,,"2015-10-17 18:12:41,011",INFO,[IPC Server handler 9 on 52839]
org.apache.hadoop.mapred.TaskAttemptListenerImpl: Progress of TaskAttempt * is : * ,,"2015-10-17 18:12:41,573",INFO,[IPC Server handler 10 on 52839]
SecurityLogger.org.apache.hadoop.ipc.Server: Auth successful for * (auth:SIMPLE) ,,"2015-10-17 18:12:41,729",INFO,[Socket Reader #1 for port 52839]
org.apache.hadoop.mapred.TaskAttemptListenerImpl: MapCompletionEvents request from * startIndex * maxEvents 10000 ,,"2015-10-17 18:12:41,917",INFO,[IPC Server handler 20 on 52839]
org.apache.hadoop.mapred.TaskAttemptListenerImpl: Progress of TaskAttempt * is : * ,,"2015-10-17 18:12:41,917",INFO,[IPC Server handler 20 on 52839]
org.apache.hadoop.mapred.TaskAttemptListenerImpl: JVM with ID : * asked for a task ,,"2015-10-17 18:12:42,167",INFO,[IPC Server handler 2 on 52839]
org.apache.hadoop.mapred.TaskAttemptListenerImpl: JVM with ID: * given task: * ,,"2015-10-17 18:12:42,167",INFO,[IPC Server handler 2 on 52839]
org.apache.hadoop.mapred.TaskAttemptListenerImpl: Progress of TaskAttempt * is : * ,,"2015-10-17 18:12:42,292",INFO,[IPC Server handler 26 on 52839]
org.apache.hadoop.mapred.TaskAttemptListenerImpl: Progress of TaskAttempt * is : * ,,"2015-10-17 18:12:42,558",INFO,[IPC Server handler 13 on 52839]
org.apache.hadoop.mapred.TaskAttemptListenerImpl: Progress of TaskAttempt * is : * ,,"2015-10-17 18:12:42,855",INFO,[IPC Server handler 20 on 52839]
org.apache.hadoop.mapred.TaskAttemptListenerImpl: MapCompletionEvents request from * startIndex * maxEvents 10000 ,,"2015-10-17 18:12:42,980",INFO,[IPC Server handler 16 on 52839]
org.apache.hadoop.mapred.TaskAttemptListenerImpl: Progress of TaskAttempt * is : * ,,"2015-10-17 18:12:43,636",INFO,[IPC Server handler 3 on 52839]
org.apache.hadoop.mapred.TaskAttemptListenerImpl: Progress of TaskAttempt * is : * ,,"2015-10-17 18:12:43,636",INFO,[IPC Server handler 3 on 52839]
org.apache.hadoop.mapred.TaskAttemptListenerImpl: Progress of TaskAttempt * is : * ,,"2015-10-17 18:12:43,776",INFO,[IPC Server handler 20 on 52839]
org.apache.hadoop.mapred.TaskAttemptListenerImpl: Progress of TaskAttempt * is : * ,,"2015-10-17 18:12:43,901",INFO,[IPC Server handler 14 on 52839]
org.apache.hadoop.mapred.TaskAttemptListenerImpl: MapCompletionEvents request from * startIndex * maxEvents 10000 ,,"2015-10-17 18:12:44,026",INFO,[IPC Server handler 9 on 52839]
org.apache.hadoop.mapred.TaskAttemptListenerImpl: Progress of TaskAttempt * is : * ,,"2015-10-17 18:12:44,558",INFO,[IPC Server handler 4 on 52839]
org.apache.hadoop.mapred.TaskAttemptListenerImpl: MapCompletionEvents request from * startIndex * maxEvents 10000 ,,"2015-10-17 18:12:45,089",INFO,[IPC Server handler 17 on 52839]
org.apache.hadoop.mapred.TaskAttemptListenerImpl: Progress of TaskAttempt * is : * ,,"2015-10-17 18:12:45,183",INFO,[IPC Server handler 5 on 52839]
org.apache.hadoop.mapreduce.v2.app.speculate.DefaultSpeculator: DefaultSpeculator.addSpeculativeAttempt -- we are speculating * ,,"2015-10-17 18:12:45,183",INFO,[DefaultSpeculator background processing]
org.apache.hadoop.mapreduce.v2.app.job.impl.TaskImpl: Scheduling a redundant attempt for task * ,,"2015-10-17 18:12:45,183",INFO,[AsyncDispatcher event handler]
org.apache.hadoop.mapreduce.v2.app.speculate.DefaultSpeculator: We launched 1 speculations. Sleeping 15000 milliseconds. ,,"2015-10-17 18:12:45,183",INFO,[DefaultSpeculator background processing]
org.apache.hadoop.yarn.util.RackResolver: Resolved * to /default-rack ,,"2015-10-17 18:12:45,183",INFO,[AsyncDispatcher event handler]
org.apache.hadoop.yarn.util.RackResolver: Resolved * to /default-rack ,,"2015-10-17 18:12:45,183",INFO,[AsyncDispatcher event handler]
org.apache.hadoop.mapreduce.v2.app.job.impl.TaskAttemptImpl: * TaskAttempt Transitioned from * to * ,,"2015-10-17 18:12:45,183",INFO,[AsyncDispatcher event handler]
org.apache.hadoop.mapred.TaskAttemptListenerImpl: Progress of TaskAttempt * is : * ,,"2015-10-17 18:12:45,355",INFO,[IPC Server handler 18 on 52839]
org.apache.hadoop.mapreduce.v2.app.rm.RMContainerAllocator: * Scheduling: PendingReds:0 * ScheduledReds:0 * AssignedReds:1 * CompletedReds:0 * ContRel:0 * ,,"2015-10-17 18:12:45,667",INFO,[RMCommunicator Allocator]
org.apache.hadoop.mapreduce.v2.app.rm.RMContainerRequestor: getResources() for * release= 0 newContainers=0 * ,,"2015-10-17 18:12:45,745",INFO,[RMCommunicator Allocator]
org.apache.hadoop.mapred.TaskAttemptListenerImpl: Progress of TaskAttempt * is : * ,,"2015-10-17 18:12:45,870",INFO,[IPC Server handler 20 on 52839]
org.apache.hadoop.mapred.TaskAttemptListenerImpl: MapCompletionEvents request from * startIndex * maxEvents 10000 ,,"2015-10-17 18:12:46,152",INFO,[IPC Server handler 5 on 52839]
org.apache.hadoop.mapred.TaskAttemptListenerImpl: Progress of TaskAttempt * is : * ,,"2015-10-17 18:12:46,339",INFO,[IPC Server handler 18 on 52839]
org.apache.hadoop.mapred.TaskAttemptListenerImpl: Progress of TaskAttempt * is : * ,,"2015-10-17 18:12:46,745",INFO,[IPC Server handler 3 on 52839]
org.apache.hadoop.mapred.TaskAttemptListenerImpl: Progress of TaskAttempt * is : * ,,"2015-10-17 18:12:47,089",INFO,[IPC Server handler 9 on 52839]
org.apache.hadoop.mapred.TaskAttemptListenerImpl: Progress of TaskAttempt * is : * ,,"2015-10-17 18:12:47,198",INFO,[IPC Server handler 1 on 52839]
org.apache.hadoop.mapred.TaskAttemptListenerImpl: MapCompletionEvents request from * startIndex * maxEvents 10000 ,,"2015-10-17 18:12:47,230",INFO,[IPC Server handler 23 on 52839]
org.apache.hadoop.mapred.TaskAttemptListenerImpl: Progress of TaskAttempt * is : * ,,"2015-10-17 18:12:47,355",INFO,[IPC Server handler 2 on 52839]
org.apache.hadoop.mapred.TaskAttemptListenerImpl: Progress of TaskAttempt * is : * ,,"2015-10-17 18:12:47,527",INFO,[IPC Server handler 4 on 52839]
org.apache.hadoop.mapred.TaskAttemptListenerImpl: Progress of TaskAttempt * is : * ,,"2015-10-17 18:12:47,964",INFO,[IPC Server handler 14 on 52839]
org.apache.hadoop.mapred.TaskAttemptListenerImpl: MapCompletionEvents request from * startIndex * maxEvents 10000 ,,"2015-10-17 18:12:48,308",INFO,[IPC Server handler 18 on 52839]
org.apache.hadoop.mapred.TaskAttemptListenerImpl: Progress of TaskAttempt * is : * ,,"2015-10-17 18:12:48,574",INFO,[IPC Server handler 29 on 52839]
org.apache.hadoop.mapred.TaskAttemptListenerImpl: Progress of TaskAttempt * is : * ,,"2015-10-17 18:12:48,761",INFO,[IPC Server handler 3 on 52839]
org.apache.hadoop.mapred.TaskAttemptListenerImpl: MapCompletionEvents request from * startIndex * maxEvents 10000 ,,"2015-10-17 18:12:49,370",INFO,[IPC Server handler 2 on 52839]
org.apache.hadoop.mapred.TaskAttemptListenerImpl: Progress of TaskAttempt * is : * ,,"2015-10-17 18:12:49,449",INFO,[IPC Server handler 4 on 52839]
org.apache.hadoop.mapred.TaskAttemptListenerImpl: Progress of TaskAttempt * is : * ,,"2015-10-17 18:12:49,777",INFO,[IPC Server handler 13 on 52839]
org.apache.hadoop.mapred.TaskAttemptListenerImpl: Progress of TaskAttempt * is : * ,,"2015-10-17 18:12:49,886",INFO,[IPC Server handler 10 on 52839]
org.apache.hadoop.mapred.TaskAttemptListenerImpl: MapCompletionEvents request from * startIndex * maxEvents 10000 ,,"2015-10-17 18:12:50,542",INFO,[IPC Server handler 4 on 52839]
org.apache.hadoop.mapred.TaskAttemptListenerImpl: Progress of TaskAttempt * is : * ,,"2015-10-17 18:12:50,964",INFO,[IPC Server handler 14 on 52839]
org.apache.hadoop.mapred.TaskAttemptListenerImpl: Progress of TaskAttempt * is : * ,,"2015-10-17 18:12:51,027",INFO,[IPC Server handler 20 on 52839]
org.apache.hadoop.mapred.TaskAttemptListenerImpl: Progress of TaskAttempt * is : * ,,"2015-10-17 18:12:51,339",INFO,[IPC Server handler 0 on 52839]
org.apache.hadoop.mapred.TaskAttemptListenerImpl: Progress of TaskAttempt * is : * ,,"2015-10-17 18:12:51,339",INFO,[IPC Server handler 0 on 52839]
org.apache.hadoop.mapred.TaskAttemptListenerImpl: MapCompletionEvents request from * startIndex * maxEvents 10000 ,,"2015-10-17 18:12:51,636",INFO,[IPC Server handler 4 on 52839]
org.apache.hadoop.mapred.TaskAttemptListenerImpl: MapCompletionEvents request from * startIndex * maxEvents 10000 ,,"2015-10-17 18:12:52,714",INFO,[IPC Server handler 4 on 52839]
org.apache.hadoop.mapred.TaskAttemptListenerImpl: Progress of TaskAttempt * is : * ,,"2015-10-17 18:12:52,839",INFO,[IPC Server handler 26 on 52839]
org.apache.hadoop.mapred.TaskAttemptListenerImpl: Progress of TaskAttempt * is : * ,,"2015-10-17 18:12:53,027",INFO,[IPC Server handler 3 on 52839]
org.apache.hadoop.mapred.TaskAttemptListenerImpl: Progress of TaskAttempt * is : * ,,"2015-10-17 18:12:53,214",INFO,[IPC Server handler 14 on 52839]
org.apache.hadoop.mapred.TaskAttemptListenerImpl: Progress of TaskAttempt * is : * ,,"2015-10-17 18:12:53,261",INFO,[IPC Server handler 0 on 52839]
org.apache.hadoop.mapred.TaskAttemptListenerImpl: Progress of TaskAttempt * is : * ,,"2015-10-17 18:12:53,683",INFO,[IPC Server handler 27 on 52839]
org.apache.hadoop.mapred.TaskAttemptListenerImpl: MapCompletionEvents request from * startIndex * maxEvents 10000 ,,"2015-10-17 18:12:53,793",INFO,[IPC Server handler 4 on 52839]
org.apache.hadoop.mapred.TaskAttemptListenerImpl: Progress of TaskAttempt * is : * ,,"2015-10-17 18:12:54,121",INFO,[IPC Server handler 13 on 52839]
org.apache.hadoop.mapred.TaskAttemptListenerImpl: Progress of TaskAttempt * is : * ,,"2015-10-17 18:12:54,339",INFO,[IPC Server handler 0 on 52839]
org.apache.hadoop.mapred.TaskAttemptListenerImpl: Progress of TaskAttempt * is : * ,,"2015-10-17 18:12:54,386",INFO,[IPC Server handler 9 on 52839]
org.apache.hadoop.mapred.TaskAttemptListenerImpl: Progress of TaskAttempt * is : * ,,"2015-10-17 18:12:54,683",INFO,[IPC Server handler 5 on 52839]
org.apache.hadoop.mapred.TaskAttemptListenerImpl: Progress of TaskAttempt * is : * ,,"2015-10-17 18:12:54,730",INFO,[IPC Server handler 18 on 52839]
org.apache.hadoop.mapred.TaskAttemptListenerImpl: MapCompletionEvents request from * startIndex * maxEvents 10000 ,,"2015-10-17 18:12:54,855",INFO,[IPC Server handler 4 on 52839]
org.apache.hadoop.mapreduce.v2.app.rm.RMContainerAllocator: Got allocated containers * ,,"2015-10-17 18:12:55,746",INFO,[RMCommunicator Allocator]
org.apache.hadoop.mapreduce.v2.app.rm.RMContainerAllocator: Assigned * to * ,,"2015-10-17 18:12:55,746",INFO,[RMCommunicator Allocator]
org.apache.hadoop.mapreduce.v2.app.rm.RMContainerAllocator: * Scheduling: PendingReds:0 * ScheduledReds:0 * AssignedReds:1 * CompletedReds:0 * ContRel:0 * ,,"2015-10-17 18:12:55,746",INFO,[RMCommunicator Allocator]
org.apache.hadoop.yarn.util.RackResolver: Resolved * to /default-rack ,,"2015-10-17 18:12:55,746",INFO,[AsyncDispatcher event handler]
org.apache.hadoop.mapreduce.v2.app.job.impl.TaskAttemptImpl: * TaskAttempt Transitioned from * to * ,,"2015-10-17 18:12:55,746",INFO,[AsyncDispatcher event handler]
org.apache.hadoop.mapreduce.v2.app.launcher.ContainerLauncherImpl: Processing the event EventType: * for container * taskAttempt * ,,"2015-10-17 18:12:55,746",INFO,[ContainerLauncher #2]
org.apache.hadoop.mapreduce.v2.app.launcher.ContainerLauncherImpl: Launching * ,,"2015-10-17 18:12:55,746",INFO,[ContainerLauncher #2]
org.apache.hadoop.yarn.client.api.impl.ContainerManagementProtocolProxy: Opening proxy : * ,,"2015-10-17 18:12:55,746",INFO,[ContainerLauncher #2]
org.apache.hadoop.mapred.TaskAttemptListenerImpl: MapCompletionEvents request from * startIndex * maxEvents 10000 ,,"2015-10-17 18:12:55,918",INFO,[IPC Server handler 26 on 52839]
org.apache.hadoop.mapreduce.v2.app.launcher.ContainerLauncherImpl: Shuffle port returned by ContainerManager for * : 13562 ,,"2015-10-17 18:12:55,918",INFO,[ContainerLauncher #2]
org.apache.hadoop.mapreduce.v2.app.job.impl.TaskAttemptImpl: TaskAttempt: * using containerId: * on NM: * ,,"2015-10-17 18:12:55,918",INFO,[AsyncDispatcher event handler]
org.apache.hadoop.mapreduce.v2.app.job.impl.TaskAttemptImpl: * TaskAttempt Transitioned from * to * ,,"2015-10-17 18:12:55,918",INFO,[AsyncDispatcher event handler]
org.apache.hadoop.mapreduce.v2.app.speculate.DefaultSpeculator: ATTEMPT_START * ,,"2015-10-17 18:12:55,918",INFO,[AsyncDispatcher event handler]
org.apache.hadoop.mapred.TaskAttemptListenerImpl: Progress of TaskAttempt * is : * ,,"2015-10-17 18:12:56,261",INFO,[IPC Server handler 3 on 52839]
org.apache.hadoop.mapred.TaskAttemptListenerImpl: Progress of TaskAttempt * is : * ,,"2015-10-17 18:12:56,386",INFO,[IPC Server handler 20 on 52839]
org.apache.hadoop.mapred.TaskAttemptListenerImpl: Progress of TaskAttempt * is : * ,,"2015-10-17 18:12:56,605",INFO,[IPC Server handler 25 on 52839]
org.apache.hadoop.mapred.TaskAttemptListenerImpl: Progress of TaskAttempt * is : * ,,"2015-10-17 18:12:56,652",INFO,[IPC Server handler 15 on 52839]
org.apache.hadoop.mapreduce.v2.app.rm.RMContainerRequestor: getResources() for * release= 0 newContainers=0 * ,,"2015-10-17 18:12:56,808",INFO,[RMCommunicator Allocator]
org.apache.hadoop.mapred.TaskAttemptListenerImpl: MapCompletionEvents request from * startIndex * maxEvents 10000 ,,"2015-10-17 18:12:56,980",INFO,[IPC Server handler 4 on 52839]
org.apache.hadoop.mapred.TaskAttemptListenerImpl: Progress of TaskAttempt * is : * ,,"2015-10-17 18:12:57,277",INFO,[IPC Server handler 13 on 52839]
org.apache.hadoop.mapred.TaskAttemptListenerImpl: Progress of TaskAttempt * is : * ,,"2015-10-17 18:12:57,277",INFO,[IPC Server handler 13 on 52839]
org.apache.hadoop.mapred.TaskAttemptListenerImpl: Progress of TaskAttempt * is : * ,,"2015-10-17 18:12:57,418",INFO,[IPC Server handler 10 on 52839]
org.apache.hadoop.mapred.TaskAttemptListenerImpl: Progress of TaskAttempt * is : * ,,"2015-10-17 18:12:57,465",INFO,[IPC Server handler 0 on 52839]
org.apache.hadoop.mapred.TaskAttemptListenerImpl: Progress of TaskAttempt * is : * ,,"2015-10-17 18:12:57,683",INFO,[IPC Server handler 25 on 52839]
org.apache.hadoop.mapred.TaskAttemptListenerImpl: Progress of TaskAttempt * is : * ,,"2015-10-17 18:12:57,761",INFO,[IPC Server handler 12 on 52839]
org.apache.hadoop.mapred.TaskAttemptListenerImpl: Progress of TaskAttempt * is : * ,,"2015-10-17 18:12:57,871",INFO,[IPC Server handler 4 on 52839]
org.apache.hadoop.mapred.TaskAttemptListenerImpl: MapCompletionEvents request from * startIndex * maxEvents 10000 ,,"2015-10-17 18:12:58,027",INFO,[IPC Server handler 27 on 52839]
SecurityLogger.org.apache.hadoop.ipc.Server: Auth successful for * (auth:SIMPLE) ,,"2015-10-17 18:12:58,746",INFO,[Socket Reader #1 for port 52839]
org.apache.hadoop.mapred.TaskAttemptListenerImpl: JVM with ID : * asked for a task ,,"2015-10-17 18:12:58,808",INFO,[IPC Server handler 12 on 52839]
org.apache.hadoop.mapred.TaskAttemptListenerImpl: JVM with ID: * given task: * ,,"2015-10-17 18:12:58,808",INFO,[IPC Server handler 12 on 52839]
org.apache.hadoop.mapred.TaskAttemptListenerImpl: MapCompletionEvents request from * startIndex * maxEvents 10000 ,,"2015-10-17 18:12:59,168",INFO,[IPC Server handler 27 on 52839]
org.apache.hadoop.mapred.TaskAttemptListenerImpl: Progress of TaskAttempt * is : * ,,"2015-10-17 18:12:59,293",INFO,[IPC Server handler 13 on 52839]
org.apache.hadoop.mapred.TaskAttemptListenerImpl: Progress of TaskAttempt * is : * ,,"2015-10-17 18:12:59,590",INFO,[IPC Server handler 0 on 52839]
org.apache.hadoop.mapred.TaskAttemptListenerImpl: MapCompletionEvents request from * startIndex * maxEvents 10000 ,,"2015-10-17 18:13:00,246",INFO,[IPC Server handler 27 on 52839]
org.apache.hadoop.mapred.TaskAttemptListenerImpl: Progress of TaskAttempt * is : * ,,"2015-10-17 18:13:00,246",INFO,[IPC Server handler 27 on 52839]
org.apache.hadoop.mapreduce.v2.app.speculate.DefaultSpeculator: DefaultSpeculator.addSpeculativeAttempt -- we are speculating * ,,"2015-10-17 18:13:00,246",INFO,[DefaultSpeculator background processing]
org.apache.hadoop.mapreduce.v2.app.speculate.DefaultSpeculator: We launched 1 speculations. Sleeping 15000 milliseconds. ,,"2015-10-17 18:13:00,324",INFO,[DefaultSpeculator background processing]
org.apache.hadoop.mapreduce.v2.app.job.impl.TaskImpl: Scheduling a redundant attempt for task * ,,"2015-10-17 18:13:00,324",INFO,[AsyncDispatcher event handler]
org.apache.hadoop.yarn.util.RackResolver: Resolved * to /default-rack ,,"2015-10-17 18:13:00,324",INFO,[AsyncDispatcher event handler]
org.apache.hadoop.yarn.util.RackResolver: Resolved * to /default-rack ,,"2015-10-17 18:13:00,324",INFO,[AsyncDispatcher event handler]
org.apache.hadoop.mapreduce.v2.app.job.impl.TaskAttemptImpl: * TaskAttempt Transitioned from * to * ,,"2015-10-17 18:13:00,324",INFO,[AsyncDispatcher event handler]
org.apache.hadoop.mapred.TaskAttemptListenerImpl: Progress of TaskAttempt * is : * ,,"2015-10-17 18:13:00,355",INFO,[IPC Server handler 13 on 52839]
org.apache.hadoop.mapred.TaskAttemptListenerImpl: Progress of TaskAttempt * is : * ,,"2015-10-17 18:13:00,355",INFO,[IPC Server handler 3 on 52839]
org.apache.hadoop.mapred.TaskAttemptListenerImpl: Progress of TaskAttempt * is : * ,,"2015-10-17 18:13:00,387",INFO,[IPC Server handler 10 on 52839]
org.apache.hadoop.mapred.TaskAttemptListenerImpl: Progress of TaskAttempt * is : * ,,"2015-10-17 18:13:00,527",INFO,[IPC Server handler 14 on 52839]
org.apache.hadoop.mapred.TaskAttemptListenerImpl: Progress of TaskAttempt * is : * ,,"2015-10-17 18:13:00,652",INFO,[IPC Server handler 0 on 52839]
org.apache.hadoop.mapred.TaskAttemptListenerImpl: Progress of TaskAttempt * is : * ,,"2015-10-17 18:13:00,918",INFO,[IPC Server handler 12 on 52839]
org.apache.hadoop.mapred.TaskAttemptListenerImpl: Progress of TaskAttempt * is : * ,,"2015-10-17 18:13:01,027",INFO,[IPC Server handler 4 on 52839]
org.apache.hadoop.mapreduce.v2.app.rm.RMContainerAllocator: * Scheduling: PendingReds:0 * ScheduledReds:0 * AssignedReds:1 * CompletedReds:0 * ContRel:0 * ,,"2015-10-17 18:13:01,027",INFO,[RMCommunicator Allocator]
org.apache.hadoop.mapreduce.v2.app.rm.RMContainerRequestor: getResources() for * release= 0 newContainers=0 * ,,"2015-10-17 18:13:01,230",INFO,[RMCommunicator Allocator]
org.apache.hadoop.mapred.TaskAttemptListenerImpl: MapCompletionEvents request from * startIndex * maxEvents 10000 ,,"2015-10-17 18:13:01,293",INFO,[IPC Server handler 27 on 52839]
org.apache.hadoop.mapred.TaskAttemptListenerImpl: Progress of TaskAttempt * is : * ,,"2015-10-17 18:13:01,449",INFO,[IPC Server handler 14 on 52839]
org.apache.hadoop.mapred.TaskAttemptListenerImpl: MapCompletionEvents request from * startIndex * maxEvents 10000 ,,"2015-10-17 18:13:02,340",INFO,[IPC Server handler 27 on 52839]
org.apache.hadoop.mapred.TaskAttemptListenerImpl: Progress of TaskAttempt * is : * ,,"2015-10-17 18:13:02,340",INFO,[IPC Server handler 27 on 52839]
org.apache.hadoop.mapred.TaskAttemptListenerImpl: Progress of TaskAttempt * is : * ,,"2015-10-17 18:13:02,699",INFO,[IPC Server handler 0 on 52839]
org.apache.hadoop.mapred.TaskAttemptListenerImpl: MapCompletionEvents request from * startIndex * maxEvents 10000 ,,"2015-10-17 18:13:03,371",INFO,[IPC Server handler 27 on 52839]
org.apache.hadoop.mapred.TaskAttemptListenerImpl: Progress of TaskAttempt * is : * ,,"2015-10-17 18:13:03,559",INFO,[IPC Server handler 20 on 52839]
org.apache.hadoop.mapred.TaskAttemptListenerImpl: Progress of TaskAttempt * is : * ,,"2015-10-17 18:13:03,684",INFO,[IPC Server handler 0 on 52839]
org.apache.hadoop.mapred.TaskAttemptListenerImpl: Progress of TaskAttempt * is : * ,,"2015-10-17 18:13:03,965",INFO,[IPC Server handler 9 on 52839]
org.apache.hadoop.mapred.TaskAttemptListenerImpl: Progress of TaskAttempt * is : * ,,"2015-10-17 18:13:03,965",INFO,[IPC Server handler 9 on 52839]
org.apache.hadoop.mapred.TaskAttemptListenerImpl: Progress of TaskAttempt * is : * ,,"2015-10-17 18:13:04,043",INFO,[IPC Server handler 15 on 52839]
org.apache.hadoop.mapred.TaskAttemptListenerImpl: Progress of TaskAttempt * is : * ,,"2015-10-17 18:13:04,106",INFO,[IPC Server handler 12 on 52839]
org.apache.hadoop.mapred.TaskAttemptListenerImpl: MapCompletionEvents request from * startIndex * maxEvents 10000 ,,"2015-10-17 18:13:04,402",INFO,[IPC Server handler 1 on 52839]
org.apache.hadoop.mapred.TaskAttemptListenerImpl: Progress of TaskAttempt * is : * ,,"2015-10-17 18:13:05,262",INFO,[IPC Server handler 26 on 52839]
org.apache.hadoop.mapred.TaskAttemptListenerImpl: Progress of TaskAttempt * is : * ,,"2015-10-17 18:13:05,371",INFO,[IPC Server handler 2 on 52839]
org.apache.hadoop.mapred.TaskAttemptListenerImpl: MapCompletionEvents request from * startIndex * maxEvents 10000 ,,"2015-10-17 18:13:05,496",INFO,[IPC Server handler 23 on 52839]
org.apache.hadoop.mapred.TaskAttemptListenerImpl: Progress of TaskAttempt * is : * ,,"2015-10-17 18:13:05,606",INFO,[IPC Server handler 3 on 52839]
org.apache.hadoop.mapred.TaskAttemptListenerImpl: Progress of TaskAttempt * is : * ,,"2015-10-17 18:13:05,699",INFO,[IPC Server handler 0 on 52839]
org.apache.hadoop.mapred.TaskAttemptListenerImpl: MapCompletionEvents request from * startIndex * maxEvents 10000 ,,"2015-10-17 18:13:06,559",INFO,[IPC Server handler 22 on 52839]
org.apache.hadoop.mapred.TaskAttemptListenerImpl: Progress of TaskAttempt * is : * ,,"2015-10-17 18:13:06,699",INFO,[IPC Server handler 3 on 52839]
org.apache.hadoop.mapred.TaskAttemptListenerImpl: Progress of TaskAttempt * is : * ,,"2015-10-17 18:13:06,762",INFO,[IPC Server handler 9 on 52839]
org.apache.hadoop.mapred.TaskAttemptListenerImpl: Progress of TaskAttempt * is : * ,,"2015-10-17 18:13:06,918",INFO,[IPC Server handler 25 on 52839]
org.apache.hadoop.mapred.TaskAttemptListenerImpl: Progress of TaskAttempt * is : * ,,"2015-10-17 18:13:07,199",INFO,[IPC Server handler 15 on 52839]
org.apache.hadoop.mapred.TaskAttemptListenerImpl: Progress of TaskAttempt * is : * ,,"2015-10-17 18:13:07,199",INFO,[IPC Server handler 12 on 52839]
org.apache.hadoop.mapred.TaskAttemptListenerImpl: MapCompletionEvents request from * startIndex * maxEvents 10000 ,,"2015-10-17 18:13:07,574",INFO,[IPC Server handler 13 on 52839]
org.apache.hadoop.mapred.TaskAttemptListenerImpl: Progress of TaskAttempt * is : * ,,"2015-10-17 18:13:07,590",INFO,[IPC Server handler 3 on 52839]
org.apache.hadoop.mapred.TaskAttemptListenerImpl: Progress of TaskAttempt * is : * ,,"2015-10-17 18:13:07,684",INFO,[IPC Server handler 0 on 52839]
org.apache.hadoop.mapred.TaskAttemptListenerImpl: Progress of TaskAttempt * is : * ,,"2015-10-17 18:13:08,387",INFO,[IPC Server handler 26 on 52839]
org.apache.hadoop.mapred.TaskAttemptListenerImpl: MapCompletionEvents request from * startIndex * maxEvents 10000 ,,"2015-10-17 18:13:08,637",INFO,[IPC Server handler 24 on 52839]
org.apache.hadoop.mapred.TaskAttemptListenerImpl: Progress of TaskAttempt * is : * ,,"2015-10-17 18:13:08,778",INFO,[IPC Server handler 14 on 52839]
org.apache.hadoop.mapred.TaskAttemptListenerImpl: Progress of TaskAttempt * is : * ,,"2015-10-17 18:13:08,778",INFO,[IPC Server handler 20 on 52839]
org.apache.hadoop.mapred.TaskAttemptListenerImpl: Progress of TaskAttempt * is : * ,,"2015-10-17 18:13:09,075",INFO,[IPC Server handler 12 on 52839]
org.apache.hadoop.mapred.TaskAttemptListenerImpl: MapCompletionEvents request from * startIndex * maxEvents 10000 ,,"2015-10-17 18:13:09,700",INFO,[IPC Server handler 13 on 52839]
org.apache.hadoop.mapred.TaskAttemptListenerImpl: Progress of TaskAttempt * is : * ,,"2015-10-17 18:13:09,903",INFO,[IPC Server handler 10 on 52839]
org.apache.hadoop.mapred.TaskAttemptListenerImpl: Progress of TaskAttempt * is : * ,,"2015-10-17 18:13:09,934",INFO,[IPC Server handler 25 on 52839]
org.apache.hadoop.mapred.TaskAttemptListenerImpl: Progress of TaskAttempt * is : * ,,"2015-10-17 18:13:09,950",INFO,[IPC Server handler 12 on 52839]
org.apache.hadoop.mapred.TaskAttemptListenerImpl: Progress of TaskAttempt * is : * ,,"2015-10-17 18:13:10,075",INFO,[IPC Server handler 15 on 52839]
org.apache.hadoop.mapred.TaskAttemptListenerImpl: Progress of TaskAttempt * is : * ,,"2015-10-17 18:13:10,559",INFO,[IPC Server handler 2 on 52839]
org.apache.hadoop.mapred.TaskAttemptListenerImpl: MapCompletionEvents request from * startIndex * maxEvents 10000 ,,"2015-10-17 18:13:10,762",INFO,[IPC Server handler 24 on 52839]
org.apache.hadoop.mapred.TaskAttemptListenerImpl: Progress of TaskAttempt * is : * ,,"2015-10-17 18:13:11,262",INFO,[IPC Server handler 4 on 52839]
org.apache.hadoop.mapred.TaskAttemptListenerImpl: Progress of TaskAttempt * is : * ,,"2015-10-17 18:13:11,340",INFO,[IPC Server handler 17 on 52839]
org.apache.hadoop.mapred.TaskAttemptListenerImpl: Progress of TaskAttempt * is : * ,,"2015-10-17 18:13:11,403",INFO,[IPC Server handler 5 on 52839]
org.apache.hadoop.mapred.TaskAttemptListenerImpl: Progress of TaskAttempt * is : * ,,"2015-10-17 18:13:11,653",INFO,[IPC Server handler 22 on 52839]
org.apache.hadoop.mapred.TaskAttemptListenerImpl: MapCompletionEvents request from * startIndex * maxEvents 10000 ,,"2015-10-17 18:13:11,809",INFO,[IPC Server handler 13 on 52839]
org.apache.hadoop.mapred.TaskAttemptListenerImpl: Progress of TaskAttempt * is : * ,,"2015-10-17 18:13:11,809",INFO,[IPC Server handler 3 on 52839]
org.apache.hadoop.mapred.TaskAttemptListenerImpl: Progress of TaskAttempt * is : * ,,"2015-10-17 18:13:11,903",INFO,[IPC Server handler 20 on 52839]
org.apache.hadoop.mapred.TaskAttemptListenerImpl: MapCompletionEvents request from * startIndex * maxEvents 10000 ,,"2015-10-17 18:13:12,887",INFO,[IPC Server handler 24 on 52839]
org.apache.hadoop.mapred.TaskAttemptListenerImpl: Progress of TaskAttempt * is : * ,,"2015-10-17 18:13:12,887",INFO,[IPC Server handler 29 on 52839]
org.apache.hadoop.mapred.TaskAttemptListenerImpl: Progress of TaskAttempt * is : * ,,"2015-10-17 18:13:13,012",INFO,[IPC Server handler 10 on 52839]
org.apache.hadoop.mapred.TaskAttemptListenerImpl: Progress of TaskAttempt * is : * ,,"2015-10-17 18:13:13,090",INFO,[IPC Server handler 9 on 52839]
org.apache.hadoop.mapred.TaskAttemptListenerImpl: Progress of TaskAttempt * is : * ,,"2015-10-17 18:13:13,090",INFO,[IPC Server handler 9 on 52839]
org.apache.hadoop.mapred.TaskAttemptListenerImpl: Progress of TaskAttempt * is : * ,,"2015-10-17 18:13:13,215",INFO,[IPC Server handler 15 on 52839]
org.apache.hadoop.mapred.TaskAttemptListenerImpl: Progress of TaskAttempt * is : * ,,"2015-10-17 18:13:13,747",INFO,[IPC Server handler 2 on 52839]
org.apache.hadoop.mapred.TaskAttemptListenerImpl: MapCompletionEvents request from * startIndex * maxEvents 10000 ,,"2015-10-17 18:13:13,950",INFO,[IPC Server handler 24 on 52839]
org.apache.hadoop.mapred.TaskAttemptListenerImpl: Progress of TaskAttempt * is : * ,,"2015-10-17 18:13:14,497",INFO,[IPC Server handler 17 on 52839]
org.apache.hadoop.mapred.TaskAttemptListenerImpl: Progress of TaskAttempt * is : * ,,"2015-10-17 18:13:14,856",INFO,[IPC Server handler 29 on 52839]
org.apache.hadoop.mapred.TaskAttemptListenerImpl: MapCompletionEvents request from * startIndex * maxEvents 10000 ,,"2015-10-17 18:13:14,965",INFO,[IPC Server handler 24 on 52839]
org.apache.hadoop.mapred.TaskAttemptListenerImpl: Progress of TaskAttempt * is : * ,,"2015-10-17 18:13:15,231",INFO,[IPC Server handler 9 on 52839]
org.apache.hadoop.mapred.TaskAttemptListenerImpl: Progress of TaskAttempt * is : * ,,"2015-10-17 18:13:15,278",INFO,[IPC Server handler 15 on 52839]
org.apache.hadoop.mapred.TaskAttemptListenerImpl: MapCompletionEvents request from * startIndex * maxEvents 10000 ,,"2015-10-17 18:13:16,044",INFO,[IPC Server handler 24 on 52839]
org.apache.hadoop.mapred.TaskAttemptListenerImpl: Progress of TaskAttempt * is : * ,,"2015-10-17 18:13:16,216",INFO,[IPC Server handler 14 on 52839]
org.apache.hadoop.mapred.TaskAttemptListenerImpl: Progress of TaskAttempt * is : * ,,"2015-10-17 18:13:16,669",INFO,[IPC Server handler 5 on 52839]
org.apache.hadoop.mapred.TaskAttemptListenerImpl: Progress of TaskAttempt * is : * ,,"2015-10-17 18:13:16,762",INFO,[IPC Server handler 8 on 52839]
org.apache.hadoop.mapred.TaskAttemptListenerImpl: Progress of TaskAttempt * is : * ,,"2015-10-17 18:13:16,762",INFO,[IPC Server handler 19 on 52839]
org.apache.hadoop.mapred.TaskAttemptListenerImpl: Progress of TaskAttempt * is : * ,,"2015-10-17 18:13:16,825",INFO,[IPC Server handler 2 on 52839]
org.apache.hadoop.mapred.TaskAttemptListenerImpl: MapCompletionEvents request from * startIndex * maxEvents 10000 ,,"2015-10-17 18:13:17,106",INFO,[IPC Server handler 27 on 52839]
org.apache.hadoop.mapred.TaskAttemptListenerImpl: Progress of TaskAttempt * is : * ,,"2015-10-17 18:13:17,153",INFO,[IPC Server handler 20 on 52839]
org.apache.hadoop.mapred.TaskAttemptListenerImpl: Progress of TaskAttempt * is : * ,,"2015-10-17 18:13:17,309",INFO,[IPC Server handler 0 on 52839]
org.apache.hadoop.mapred.TaskAttemptListenerImpl: Progress of TaskAttempt * is : * ,,"2015-10-17 18:13:17,512",INFO,[IPC Server handler 4 on 52839]
org.apache.hadoop.mapred.TaskAttemptListenerImpl: Progress of TaskAttempt * is : * ,,"2015-10-17 18:13:17,903",INFO,[IPC Server handler 22 on 52839]
org.apache.hadoop.mapred.TaskAttemptListenerImpl: MapCompletionEvents request from * startIndex * maxEvents 10000 ,,"2015-10-17 18:13:18,153",INFO,[IPC Server handler 23 on 52839]
org.apache.hadoop.mapred.TaskAttemptListenerImpl: Progress of TaskAttempt * is : * ,,"2015-10-17 18:13:18,716",INFO,[IPC Server handler 17 on 52839]
org.apache.hadoop.mapred.TaskAttemptListenerImpl: Progress of TaskAttempt * is : * ,,"2015-10-17 18:13:18,934",INFO,[IPC Server handler 28 on 52839]
org.apache.hadoop.mapred.TaskAttemptListenerImpl: Progress of TaskAttempt * is : * ,,"2015-10-17 18:13:19,075",INFO,[IPC Server handler 29 on 52839]
org.apache.hadoop.mapred.TaskAttemptListenerImpl: MapCompletionEvents request from * startIndex * maxEvents 10000 ,,"2015-10-17 18:13:19,200",INFO,[IPC Server handler 27 on 52839]
org.apache.hadoop.mapred.TaskAttemptListenerImpl: Progress of TaskAttempt * is : * ,,"2015-10-17 18:13:19,466",INFO,[IPC Server handler 15 on 52839]
org.apache.hadoop.mapred.TaskAttemptListenerImpl: Progress of TaskAttempt * is : * ,,"2015-10-17 18:13:19,856",INFO,[IPC Server handler 21 on 52839]
org.apache.hadoop.mapred.TaskAttemptListenerImpl: MapCompletionEvents request from * startIndex * maxEvents 10000 ,,"2015-10-17 18:13:20,263",INFO,[IPC Server handler 23 on 52839]
org.apache.hadoop.mapred.TaskAttemptListenerImpl: Progress of TaskAttempt * is : * ,,"2015-10-17 18:13:20,309",INFO,[IPC Server handler 20 on 52839]
org.apache.hadoop.mapred.TaskAttemptListenerImpl: Progress of TaskAttempt * is : * ,,"2015-10-17 18:13:20,325",INFO,[IPC Server handler 14 on 52839]
org.apache.hadoop.mapred.TaskAttemptListenerImpl: Progress of TaskAttempt * is : * ,,"2015-10-17 18:13:20,528",INFO,[IPC Server handler 4 on 52839]
org.apache.hadoop.mapred.TaskAttemptListenerImpl: Progress of TaskAttempt * is : * ,,"2015-10-17 18:13:20,747",INFO,[IPC Server handler 17 on 52839]
org.apache.hadoop.mapred.TaskAttemptListenerImpl: Progress of TaskAttempt * is : * ,,"2015-10-17 18:13:20,919",INFO,[IPC Server handler 6 on 52839]
org.apache.hadoop.mapred.TaskAttemptListenerImpl: Progress of TaskAttempt * is : * ,,"2015-10-17 18:13:21,091",INFO,[IPC Server handler 29 on 52839]
org.apache.hadoop.mapred.TaskAttemptListenerImpl: MapCompletionEvents request from * startIndex * maxEvents 10000 ,,"2015-10-17 18:13:21,294",INFO,[IPC Server handler 23 on 52839]
org.apache.hadoop.mapred.TaskAttemptListenerImpl: Progress of TaskAttempt * is : * ,,"2015-10-17 18:13:21,810",INFO,[IPC Server handler 5 on 52839]
org.apache.hadoop.mapred.TaskAttemptListenerImpl: MapCompletionEvents request from * startIndex * maxEvents 10000 ,,"2015-10-17 18:13:22,341",INFO,[IPC Server handler 23 on 52839]
org.apache.hadoop.mapred.TaskAttemptListenerImpl: Progress of TaskAttempt * is : * ,,"2015-10-17 18:13:22,560",INFO,[IPC Server handler 10 on 52839]
org.apache.hadoop.mapred.TaskAttemptListenerImpl: Progress of TaskAttempt * is : * ,,"2015-10-17 18:13:22,872",INFO,[IPC Server handler 5 on 52839]
org.apache.hadoop.mapred.TaskAttemptListenerImpl: Progress of TaskAttempt * is : * ,,"2015-10-17 18:13:22,872",INFO,[IPC Server handler 21 on 52839]
org.apache.hadoop.mapred.TaskAttemptListenerImpl: Progress of TaskAttempt * is : * ,,"2015-10-17 18:13:22,919",INFO,[IPC Server handler 6 on 52839]
org.apache.hadoop.mapred.TaskAttemptListenerImpl: Progress of TaskAttempt * is : * ,,"2015-10-17 18:13:22,981",INFO,[IPC Server handler 22 on 52839]
org.apache.hadoop.mapred.TaskAttemptListenerImpl: MapCompletionEvents request from * startIndex * maxEvents 10000 ,,"2015-10-17 18:13:23,403",INFO,[IPC Server handler 23 on 52839]
org.apache.hadoop.mapred.TaskAttemptListenerImpl: Progress of TaskAttempt * is : * ,,"2015-10-17 18:13:23,403",INFO,[IPC Server handler 27 on 52839]
org.apache.hadoop.mapred.TaskAttemptListenerImpl: Progress of TaskAttempt * is : * ,,"2015-10-17 18:13:23,653",INFO,[IPC Server handler 10 on 52839]
org.apache.hadoop.mapred.TaskAttemptListenerImpl: Progress of TaskAttempt * is : * ,,"2015-10-17 18:13:23,872",INFO,[IPC Server handler 17 on 52839]
org.apache.hadoop.mapred.TaskAttemptListenerImpl: Progress of TaskAttempt * is : * ,,"2015-10-17 18:13:23,981",INFO,[IPC Server handler 6 on 52839]
org.apache.hadoop.mapred.TaskAttemptListenerImpl: Progress of TaskAttempt * is : * ,,"2015-10-17 18:13:24,044",INFO,[IPC Server handler 2 on 52839]
org.apache.hadoop.mapred.TaskAttemptListenerImpl: MapCompletionEvents request from * startIndex * maxEvents 10000 ,,"2015-10-17 18:13:24,450",INFO,[IPC Server handler 24 on 52839]
org.apache.hadoop.mapred.TaskAttemptListenerImpl: Progress of TaskAttempt * is : * ,,"2015-10-17 18:13:25,091",INFO,[IPC Server handler 22 on 52839]
org.apache.hadoop.mapred.TaskAttemptListenerImpl: MapCompletionEvents request from * startIndex * maxEvents 10000 ,,"2015-10-17 18:13:25,528",INFO,[IPC Server handler 24 on 52839]
org.apache.hadoop.mapred.TaskAttemptListenerImpl: Progress of TaskAttempt * is : * ,,"2015-10-17 18:13:25,607",INFO,[IPC Server handler 20 on 52839]
org.apache.hadoop.mapred.TaskAttemptListenerImpl: Progress of TaskAttempt * is : * ,,"2015-10-17 18:13:26,497",INFO,[IPC Server handler 13 on 52839]
org.apache.hadoop.mapred.TaskAttemptListenerImpl: Progress of TaskAttempt * is : * ,,"2015-10-17 18:13:26,513",INFO,[IPC Server handler 3 on 52839]
org.apache.hadoop.mapred.TaskAttemptListenerImpl: MapCompletionEvents request from * startIndex * maxEvents 10000 ,,"2015-10-17 18:13:26,560",INFO,[IPC Server handler 1 on 52839]
org.apache.hadoop.mapred.TaskAttemptListenerImpl: Progress of TaskAttempt * is : * ,,"2015-10-17 18:13:26,669",INFO,[IPC Server handler 10 on 52839]
org.apache.hadoop.mapred.TaskAttemptListenerImpl: Progress of TaskAttempt * is : * ,,"2015-10-17 18:13:26,950",INFO,[IPC Server handler 17 on 52839]
org.apache.hadoop.mapred.TaskAttemptListenerImpl: Progress of TaskAttempt * is : * ,,"2015-10-17 18:13:26,997",INFO,[IPC Server handler 21 on 52839]
org.apache.hadoop.mapred.TaskAttemptListenerImpl: Progress of TaskAttempt * is : * ,,"2015-10-17 18:13:27,232",INFO,[IPC Server handler 22 on 52839]
org.apache.hadoop.mapred.TaskAttemptListenerImpl: MapCompletionEvents request from * startIndex * maxEvents 10000 ,,"2015-10-17 18:13:27,575",INFO,[IPC Server handler 3 on 52839]
org.apache.hadoop.mapred.TaskAttemptListenerImpl: Progress of TaskAttempt * is : * ,,"2015-10-17 18:13:27,575",INFO,[IPC Server handler 3 on 52839]
org.apache.hadoop.mapred.TaskAttemptListenerImpl: Progress of TaskAttempt * is : * ,,"2015-10-17 18:13:27,732",INFO,[IPC Server handler 0 on 52839]
org.apache.hadoop.mapred.TaskAttemptListenerImpl: Progress of TaskAttempt * is : * ,,"2015-10-17 18:13:28,310",INFO,[IPC Server handler 2 on 52839]
org.apache.hadoop.mapred.TaskAttemptListenerImpl: Progress of TaskAttempt * is : * ,,"2015-10-17 18:13:28,310",INFO,[IPC Server handler 29 on 52839]
org.apache.hadoop.mapred.TaskAttemptListenerImpl: MapCompletionEvents request from * startIndex * maxEvents 10000 ,,"2015-10-17 18:13:28,638",INFO,[IPC Server handler 3 on 52839]
org.apache.hadoop.mapred.TaskAttemptListenerImpl: Progress of TaskAttempt * is : * ,,"2015-10-17 18:13:28,732",INFO,[IPC Server handler 10 on 52839]
org.apache.hadoop.mapred.TaskAttemptListenerImpl: MapCompletionEvents request from * startIndex * maxEvents 10000 ,,"2015-10-17 18:13:29,701",INFO,[IPC Server handler 3 on 52839]
org.apache.hadoop.mapred.TaskAttemptListenerImpl: Progress of TaskAttempt * is : * ,,"2015-10-17 18:13:29,747",INFO,[IPC Server handler 24 on 52839]
org.apache.hadoop.mapred.TaskAttemptListenerImpl: Progress of TaskAttempt * is : * ,,"2015-10-17 18:13:29,997",INFO,[IPC Server handler 17 on 52839]
org.apache.hadoop.mapred.TaskAttemptListenerImpl: Progress of TaskAttempt * is : * ,,"2015-10-17 18:13:30,060",INFO,[IPC Server handler 21 on 52839]
org.apache.hadoop.mapred.TaskAttemptListenerImpl: Progress of TaskAttempt * is : * ,,"2015-10-17 18:13:30,263",INFO,[IPC Server handler 5 on 52839]
org.apache.hadoop.mapred.TaskAttemptListenerImpl: Progress of TaskAttempt * is : * ,,"2015-10-17 18:13:30,263",INFO,[IPC Server handler 5 on 52839]
org.apache.hadoop.mapred.TaskAttemptListenerImpl: Progress of TaskAttempt * is : * ,,"2015-10-17 18:13:30,341",INFO,[IPC Server handler 22 on 52839]
org.apache.hadoop.mapred.TaskAttemptListenerImpl: Progress of TaskAttempt * is : * ,,"2015-10-17 18:13:30,685",INFO,[IPC Server handler 13 on 52839]
org.apache.hadoop.mapred.TaskAttemptListenerImpl: MapCompletionEvents request from * startIndex * maxEvents 10000 ,,"2015-10-17 18:13:30,794",INFO,[IPC Server handler 3 on 52839]
org.apache.hadoop.mapred.TaskAttemptListenerImpl: Progress of TaskAttempt * is : * ,,"2015-10-17 18:13:31,404",INFO,[IPC Server handler 29 on 52839]
org.apache.hadoop.mapred.TaskAttemptListenerImpl: Progress of TaskAttempt * is : * ,,"2015-10-17 18:13:31,419",INFO,[IPC Server handler 2 on 52839]
org.apache.hadoop.mapred.TaskAttemptListenerImpl: Progress of TaskAttempt * is : * ,,"2015-10-17 18:13:31,638",INFO,[IPC Server handler 13 on 52839]
org.apache.hadoop.mapred.TaskAttemptListenerImpl: Progress of TaskAttempt * is : * ,,"2015-10-17 18:13:31,857",INFO,[IPC Server handler 3 on 52839]
org.apache.hadoop.mapred.TaskAttemptListenerImpl: MapCompletionEvents request from * startIndex * maxEvents 10000 ,,"2015-10-17 18:13:31,857",INFO,[IPC Server handler 3 on 52839]
org.apache.hadoop.mapred.TaskAttemptListenerImpl: Progress of TaskAttempt * is : * ,,"2015-10-17 18:13:32,779",INFO,[IPC Server handler 3 on 52839]
org.apache.hadoop.mapred.TaskAttemptListenerImpl: MapCompletionEvents request from * startIndex * maxEvents 10000 ,,"2015-10-17 18:13:32,935",INFO,[IPC Server handler 20 on 52839]
org.apache.hadoop.mapred.TaskAttemptListenerImpl: Progress of TaskAttempt * is : * ,,"2015-10-17 18:13:33,029",INFO,[IPC Server handler 4 on 52839]
org.apache.hadoop.mapred.TaskAttemptListenerImpl: Progress of TaskAttempt * is : * ,,"2015-10-17 18:13:33,998",INFO,[IPC Server handler 20 on 52839]
org.apache.hadoop.mapred.TaskAttemptListenerImpl: MapCompletionEvents request from * startIndex * maxEvents 10000 ,,"2015-10-17 18:13:33,998",INFO,[IPC Server handler 20 on 52839]
org.apache.hadoop.mapred.TaskAttemptListenerImpl: Progress of TaskAttempt * is : * ,,"2015-10-17 18:13:33,998",INFO,[IPC Server handler 20 on 52839]
org.apache.hadoop.mapred.TaskAttemptListenerImpl: Progress of TaskAttempt * is : * ,,"2015-10-17 18:13:34,091",INFO,[IPC Server handler 9 on 52839]
org.apache.hadoop.mapred.TaskAttemptListenerImpl: Progress of TaskAttempt * is : * ,,"2015-10-17 18:13:34,138",INFO,[IPC Server handler 15 on 52839]
org.apache.hadoop.mapred.TaskAttemptListenerImpl: Progress of TaskAttempt * is : * ,,"2015-10-17 18:13:34,154",INFO,[IPC Server handler 25 on 52839]
org.apache.hadoop.mapred.TaskAttemptListenerImpl: Progress of TaskAttempt * is : * ,,"2015-10-17 18:13:34,545",INFO,[IPC Server handler 7 on 52839]
org.apache.hadoop.mapred.TaskAttemptListenerImpl: Progress of TaskAttempt * is : * ,,"2015-10-17 18:13:34,545",INFO,[IPC Server handler 7 on 52839]
org.apache.hadoop.mapred.TaskAttemptListenerImpl: Progress of TaskAttempt * is : * ,,"2015-10-17 18:13:35,045",INFO,[IPC Server handler 20 on 52839]
org.apache.hadoop.mapred.TaskAttemptListenerImpl: MapCompletionEvents request from * startIndex * maxEvents 10000 ,,"2015-10-17 18:13:35,060",INFO,[IPC Server handler 14 on 52839]
org.apache.hadoop.mapred.TaskAttemptListenerImpl: Progress of TaskAttempt * is : * ,,"2015-10-17 18:13:35,107",INFO,[IPC Server handler 4 on 52839]
org.apache.hadoop.mapred.TaskAttemptListenerImpl: Progress of TaskAttempt * is : * ,,"2015-10-17 18:13:35,857",INFO,[IPC Server handler 3 on 52839]
org.apache.hadoop.mapred.TaskAttemptListenerImpl: Progress of TaskAttempt * is : * ,,"2015-10-17 18:13:36,107",INFO,[IPC Server handler 14 on 52839]
org.apache.hadoop.mapred.TaskAttemptListenerImpl: MapCompletionEvents request from * startIndex * maxEvents 10000 ,,"2015-10-17 18:13:36,123",INFO,[IPC Server handler 4 on 52839]
org.apache.hadoop.mapred.TaskAttemptListenerImpl: MapCompletionEvents request from * startIndex * maxEvents 10000 ,,"2015-10-17 18:13:37,170",INFO,[IPC Server handler 15 on 52839]
org.apache.hadoop.mapred.TaskAttemptListenerImpl: Progress of TaskAttempt * is : * ,,"2015-10-17 18:13:37,373",INFO,[IPC Server handler 5 on 52839]
org.apache.hadoop.mapred.TaskAttemptListenerImpl: Progress of TaskAttempt * is : * ,,"2015-10-17 18:13:37,670",INFO,[IPC Server handler 16 on 52839]
org.apache.hadoop.mapred.TaskAttemptListenerImpl: Progress of TaskAttempt * is : * ,,"2015-10-17 18:13:37,748",INFO,[IPC Server handler 8 on 52839]
org.apache.hadoop.mapred.TaskAttemptListenerImpl: Progress of TaskAttempt * is : * ,,"2015-10-17 18:13:37,810",INFO,[IPC Server handler 19 on 52839]
org.apache.hadoop.mapred.TaskAttemptListenerImpl: Progress of TaskAttempt * is : * ,,"2015-10-17 18:13:38,217",INFO,[IPC Server handler 25 on 52839]
org.apache.hadoop.mapred.TaskAttemptListenerImpl: MapCompletionEvents request from * startIndex * maxEvents 10000 ,,"2015-10-17 18:13:38,248",INFO,[IPC Server handler 17 on 52839]
org.apache.hadoop.mapred.TaskAttemptListenerImpl: Progress of TaskAttempt * is : * ,,"2015-10-17 18:13:38,701",INFO,[IPC Server handler 7 on 52839]
org.apache.hadoop.mapred.TaskAttemptListenerImpl: Progress of TaskAttempt * is : * ,,"2015-10-17 18:13:38,701",INFO,[IPC Server handler 7 on 52839]
org.apache.hadoop.mapred.TaskAttemptListenerImpl: Progress of TaskAttempt * is : * ,,"2015-10-17 18:13:38,888",INFO,[IPC Server handler 26 on 52839]
org.apache.hadoop.mapred.TaskAttemptListenerImpl: Progress of TaskAttempt * is : * ,,"2015-10-17 18:13:38,951",INFO,[IPC Server handler 20 on 52839]
org.apache.hadoop.mapred.TaskAttemptListenerImpl: Progress of TaskAttempt * is : * ,,"2015-10-17 18:13:39,248",INFO,[IPC Server handler 14 on 52839]
org.apache.hadoop.mapred.TaskAttemptListenerImpl: MapCompletionEvents request from * startIndex * maxEvents 10000 ,,"2015-10-17 18:13:39,326",INFO,[IPC Server handler 12 on 52839]
org.apache.hadoop.mapred.TaskAttemptListenerImpl: MapCompletionEvents request from * startIndex * maxEvents 10000 ,,"2015-10-17 18:13:40,404",INFO,[IPC Server handler 5 on 52839]
org.apache.hadoop.mapred.TaskAttemptListenerImpl: Progress of TaskAttempt * is : * ,,"2015-10-17 18:13:40,920",INFO,[IPC Server handler 19 on 52839]
org.apache.hadoop.mapred.TaskAttemptListenerImpl: Progress of TaskAttempt * is : * ,,"2015-10-17 18:13:40,982",INFO,[IPC Server handler 26 on 52839]
org.apache.hadoop.mapred.TaskAttemptListenerImpl: Progress of TaskAttempt * is : * ,,"2015-10-17 18:13:41,076",INFO,[IPC Server handler 20 on 52839]
org.apache.hadoop.mapred.TaskAttemptListenerImpl: Progress of TaskAttempt * is : * ,,"2015-10-17 18:13:41,373",INFO,[IPC Server handler 12 on 52839]
org.apache.hadoop.mapred.TaskAttemptListenerImpl: Progress of TaskAttempt * is : * ,,"2015-10-17 18:13:41,420",INFO,[IPC Server handler 6 on 52839]
org.apache.hadoop.mapred.TaskAttemptListenerImpl: MapCompletionEvents request from * startIndex * maxEvents 10000 ,,"2015-10-17 18:13:41,498",INFO,[IPC Server handler 29 on 52839]
org.apache.hadoop.mapred.TaskAttemptListenerImpl: Progress of TaskAttempt * is : * ,,"2015-10-17 18:13:41,576",INFO,[IPC Server handler 22 on 52839]
org.apache.hadoop.mapred.TaskAttemptListenerImpl: Progress of TaskAttempt * is : * ,,"2015-10-17 18:13:42,107",INFO,[IPC Server handler 13 on 52839]
org.apache.hadoop.mapred.TaskAttemptListenerImpl: Progress of TaskAttempt * is : * ,,"2015-10-17 18:13:42,389",INFO,[IPC Server handler 25 on 52839]
org.apache.hadoop.mapred.TaskAttemptListenerImpl: Progress of TaskAttempt * is : * ,,"2015-10-17 18:13:42,389",INFO,[IPC Server handler 25 on 52839]
org.apache.hadoop.mapred.TaskAttemptListenerImpl: MapCompletionEvents request from * startIndex * maxEvents 10000 ,,"2015-10-17 18:13:42,561",INFO,[IPC Server handler 29 on 52839]
org.apache.hadoop.mapred.TaskAttemptListenerImpl: Progress of TaskAttempt * is : * ,,"2015-10-17 18:13:42,639",INFO,[IPC Server handler 2 on 52839]
org.apache.hadoop.mapred.TaskAttemptListenerImpl: MapCompletionEvents request from * startIndex * maxEvents 10000 ,,"2015-10-17 18:13:43,607",INFO,[IPC Server handler 5 on 52839]
org.apache.hadoop.mapred.TaskAttemptListenerImpl: Progress of TaskAttempt * is : * ,,"2015-10-17 18:13:44,357",INFO,[IPC Server handler 20 on 52839]
org.apache.hadoop.mapred.TaskAttemptListenerImpl: Progress of TaskAttempt * is : * ,,"2015-10-17 18:13:44,357",INFO,[IPC Server handler 20 on 52839]
org.apache.hadoop.mapred.TaskAttemptListenerImpl: Progress of TaskAttempt * is : * ,,"2015-10-17 18:13:44,482",INFO,[IPC Server handler 25 on 52839]
org.apache.hadoop.mapred.TaskAttemptListenerImpl: Progress of TaskAttempt * is : * ,,"2015-10-17 18:13:44,701",INFO,[IPC Server handler 17 on 52839]
org.apache.hadoop.mapred.TaskAttemptListenerImpl: MapCompletionEvents request from * startIndex * maxEvents 10000 ,,"2015-10-17 18:13:44,701",INFO,[IPC Server handler 15 on 52839]
org.apache.hadoop.mapred.TaskAttemptListenerImpl: Progress of TaskAttempt * is : * ,,"2015-10-17 18:13:44,983",INFO,[IPC Server handler 7 on 52839]
org.apache.hadoop.mapred.TaskAttemptListenerImpl: Progress of TaskAttempt * is : * ,,"2015-10-17 18:13:45,061",INFO,[IPC Server handler 8 on 52839]
org.apache.hadoop.mapred.TaskAttemptListenerImpl: Progress of TaskAttempt * is : * ,,"2015-10-17 18:13:45,154",INFO,[IPC Server handler 19 on 52839]
org.apache.hadoop.mapred.TaskAttemptListenerImpl: Progress of TaskAttempt * is : * ,,"2015-10-17 18:13:45,436",INFO,[IPC Server handler 20 on 52839]
org.apache.hadoop.mapred.TaskAttemptListenerImpl: Progress of TaskAttempt * is : * ,,"2015-10-17 18:13:45,592",INFO,[IPC Server handler 25 on 52839]
org.apache.hadoop.mapred.TaskAttemptListenerImpl: Progress of TaskAttempt * is : * ,,"2015-10-17 18:13:45,686",INFO,[IPC Server handler 17 on 52839]
org.apache.hadoop.mapred.TaskAttemptListenerImpl: MapCompletionEvents request from * startIndex * maxEvents 10000 ,,"2015-10-17 18:13:45,764",INFO,[IPC Server handler 4 on 52839]
org.apache.hadoop.mapred.TaskAttemptListenerImpl: Progress of TaskAttempt * is : * ,,"2015-10-17 18:13:46,670",INFO,[IPC Server handler 25 on 52839]
org.apache.hadoop.mapred.TaskAttemptListenerImpl: MapCompletionEvents request from * startIndex * maxEvents 10000 ,,"2015-10-17 18:13:46,795",INFO,[IPC Server handler 5 on 52839]
org.apache.hadoop.mapred.TaskAttemptListenerImpl: Progress of TaskAttempt * is : * ,,"2015-10-17 18:13:47,592",INFO,[IPC Server handler 20 on 52839]
org.apache.hadoop.mapred.TaskAttemptListenerImpl: Progress of TaskAttempt * is : * ,,"2015-10-17 18:13:47,623",INFO,[IPC Server handler 10 on 52839]
org.apache.hadoop.mapred.TaskAttemptListenerImpl: Progress of TaskAttempt * is : * ,,"2015-10-17 18:13:47,826",INFO,[IPC Server handler 17 on 52839]
org.apache.hadoop.mapred.TaskAttemptListenerImpl: MapCompletionEvents request from * startIndex * maxEvents 10000 ,,"2015-10-17 18:13:47,905",INFO,[IPC Server handler 29 on 52839]
org.apache.hadoop.mapred.TaskAttemptListenerImpl: Progress of TaskAttempt * is : * ,,"2015-10-17 18:13:48,076",INFO,[IPC Server handler 16 on 52839]
org.apache.hadoop.mapred.TaskAttemptListenerImpl: Progress of TaskAttempt * is : * ,,"2015-10-17 18:13:48,201",INFO,[IPC Server handler 7 on 52839]
org.apache.hadoop.mapred.TaskAttemptListenerImpl: Progress of TaskAttempt * is : * ,,"2015-10-17 18:13:48,436",INFO,[IPC Server handler 28 on 52839]
org.apache.hadoop.mapred.TaskAttemptListenerImpl: Progress of TaskAttempt * is : * ,,"2015-10-17 18:13:48,670",INFO,[IPC Server handler 1 on 52839]
SecurityLogger.org.apache.hadoop.ipc.Server: Auth successful for * (auth:SIMPLE) ,,"2015-10-17 18:13:48,733",INFO,[Socket Reader #1 for port 52839]
org.apache.hadoop.mapred.TaskAttemptListenerImpl: Progress of TaskAttempt * is : * ,,"2015-10-17 18:13:48,905",INFO,[IPC Server handler 17 on 52839]
org.apache.hadoop.mapred.TaskAttemptListenerImpl: Progress of TaskAttempt * is : * ,,"2015-10-17 18:13:48,905",INFO,[IPC Server handler 17 on 52839]
org.apache.hadoop.mapred.TaskAttemptListenerImpl: MapCompletionEvents request from * startIndex * maxEvents 10000 ,,"2015-10-17 18:13:48,905",INFO,[IPC Server handler 17 on 52839]
org.apache.hadoop.mapred.TaskAttemptListenerImpl: Progress of TaskAttempt * is : * ,,"2015-10-17 18:13:49,108",INFO,[IPC Server handler 2 on 52839]
org.apache.hadoop.mapred.TaskAttemptListenerImpl: Progress of TaskAttempt * is : * ,,"2015-10-17 18:13:49,530",INFO,[IPC Server handler 28 on 52839]
org.apache.hadoop.mapred.TaskAttemptListenerImpl: MapCompletionEvents request from * startIndex * maxEvents 10000 ,,"2015-10-17 18:13:49,936",INFO,[IPC Server handler 17 on 52839]
org.apache.hadoop.mapred.TaskAttemptListenerImpl: Progress of TaskAttempt * is : * ,,"2015-10-17 18:13:50,498",INFO,[IPC Server handler 28 on 52839]
org.apache.hadoop.mapred.TaskAttemptListenerImpl: Progress of TaskAttempt * is : * ,,"2015-10-17 18:13:50,936",INFO,[IPC Server handler 25 on 52839]
org.apache.hadoop.mapred.TaskAttemptListenerImpl: Progress of TaskAttempt * is : * ,,"2015-10-17 18:13:50,967",INFO,[IPC Server handler 17 on 52839]
org.apache.hadoop.mapred.TaskAttemptListenerImpl: MapCompletionEvents request from * startIndex * maxEvents 10000 ,,"2015-10-17 18:13:50,967",INFO,[IPC Server handler 17 on 52839]
org.apache.hadoop.mapred.TaskAttemptListenerImpl: Progress of TaskAttempt * is : * ,,"2015-10-17 18:13:51,108",INFO,[IPC Server handler 29 on 52839]
org.apache.hadoop.mapred.TaskAttemptListenerImpl: Progress of TaskAttempt * is : * ,,"2015-10-17 18:13:51,233",INFO,[IPC Server handler 22 on 52839]
org.apache.hadoop.mapred.TaskAttemptListenerImpl: Progress of TaskAttempt * is : * ,,"2015-10-17 18:13:51,530",INFO,[IPC Server handler 19 on 52839]
org.apache.hadoop.mapred.TaskAttemptListenerImpl: Progress of TaskAttempt * is : * ,,"2015-10-17 18:13:51,608",INFO,[IPC Server handler 13 on 52839]
org.apache.hadoop.mapred.TaskAttemptListenerImpl: MapCompletionEvents request from * startIndex * maxEvents 10000 ,,"2015-10-17 18:13:51,998",INFO,[IPC Server handler 25 on 52839]
org.apache.hadoop.mapred.TaskAttemptListenerImpl: Progress of TaskAttempt * is : * ,,"2015-10-17 18:13:52,217",INFO,[IPC Server handler 22 on 52839]
org.apache.hadoop.mapred.TaskAttemptListenerImpl: Progress of TaskAttempt * is : * ,,"2015-10-17 18:13:52,498",INFO,[IPC Server handler 19 on 52839]
org.apache.hadoop.mapred.TaskAttemptListenerImpl: Progress of TaskAttempt * is : * ,,"2015-10-17 18:13:52,623",INFO,[IPC Server handler 28 on 52839]
org.apache.hadoop.mapred.TaskAttemptListenerImpl: Progress of TaskAttempt * is : * ,,"2015-10-17 18:13:52,780",INFO,[IPC Server handler 10 on 52839]
org.apache.hadoop.mapred.TaskAttemptListenerImpl: MapCompletionEvents request from * startIndex * maxEvents 10000 ,,"2015-10-17 18:13:53,045",INFO,[IPC Server handler 25 on 52839]
org.apache.hadoop.mapred.TaskAttemptListenerImpl: Progress of TaskAttempt * is : * ,,"2015-10-17 18:13:53,342",INFO,[IPC Server handler 7 on 52839]
org.apache.hadoop.mapred.TaskAttemptListenerImpl: MapCompletionEvents request from * startIndex * maxEvents 10000 ,,"2015-10-17 18:13:54,108",INFO,[IPC Server handler 25 on 52839]
org.apache.hadoop.mapred.TaskAttemptListenerImpl: Progress of TaskAttempt * is : * ,,"2015-10-17 18:13:54,186",INFO,[IPC Server handler 5 on 52839]
org.apache.hadoop.mapred.TaskAttemptListenerImpl: Progress of TaskAttempt * is : * ,,"2015-10-17 18:13:54,264",INFO,[IPC Server handler 22 on 52839]
org.apache.hadoop.mapred.TaskAttemptListenerImpl: Progress of TaskAttempt * is : * ,,"2015-10-17 18:13:54,561",INFO,[IPC Server handler 8 on 52839]
org.apache.hadoop.mapred.TaskAttemptListenerImpl: Progress of TaskAttempt * is : * ,,"2015-10-17 18:13:54,561",INFO,[IPC Server handler 8 on 52839]
org.apache.hadoop.mapred.TaskAttemptListenerImpl: Progress of TaskAttempt * is : * ,,"2015-10-17 18:13:54,561",INFO,[IPC Server handler 8 on 52839]
org.apache.hadoop.mapred.TaskAttemptListenerImpl: Progress of TaskAttempt * is : * ,,"2015-10-17 18:13:54,639",INFO,[IPC Server handler 13 on 52839]
org.apache.hadoop.mapred.TaskAttemptListenerImpl: Progress of TaskAttempt * is : * ,,"2015-10-17 18:13:55,030",INFO,[IPC Server handler 25 on 52839]
org.apache.hadoop.mapred.TaskAttemptListenerImpl: MapCompletionEvents request from * startIndex * maxEvents 10000 ,,"2015-10-17 18:13:55,108",INFO,[IPC Server handler 17 on 52839]
org.apache.hadoop.mapred.TaskAttemptListenerImpl: Progress of TaskAttempt * is : * ,,"2015-10-17 18:13:55,874",INFO,[IPC Server handler 3 on 52839]
org.apache.hadoop.mapred.TaskAttemptListenerImpl: Progress of TaskAttempt * is : * ,,"2015-10-17 18:13:56,061",INFO,[IPC Server handler 23 on 52839]
org.apache.hadoop.mapred.TaskAttemptListenerImpl: MapCompletionEvents request from * startIndex * maxEvents 10000 ,,"2015-10-17 18:13:56,171",INFO,[IPC Server handler 17 on 52839]
org.apache.hadoop.mapred.TaskAttemptListenerImpl: Progress of TaskAttempt * is : * ,,"2015-10-17 18:13:56,171",INFO,[IPC Server handler 0 on 52839]
org.apache.hadoop.mapred.TaskAttemptListenerImpl: Progress of TaskAttempt * is : * ,,"2015-10-17 18:13:56,514",INFO,[IPC Server handler 19 on 52839]
org.apache.hadoop.mapred.TaskAttemptListenerImpl: MapCompletionEvents request from * startIndex * maxEvents 10000 ,,"2015-10-17 18:13:57,233",INFO,[IPC Server handler 17 on 52839]
org.apache.hadoop.mapred.TaskAttemptListenerImpl: Progress of TaskAttempt * is : * ,,"2015-10-17 18:13:57,342",INFO,[IPC Server handler 15 on 52839]
org.apache.hadoop.mapred.TaskAttemptListenerImpl: Progress of TaskAttempt * is : * ,,"2015-10-17 18:13:57,405",INFO,[IPC Server handler 22 on 52839]
org.apache.hadoop.mapred.TaskAttemptListenerImpl: Progress of TaskAttempt * is : * ,,"2015-10-17 18:13:57,592",INFO,[IPC Server handler 19 on 52839]
org.apache.hadoop.mapred.TaskAttemptListenerImpl: Progress of TaskAttempt * is : * ,,"2015-10-17 18:13:57,874",INFO,[IPC Server handler 28 on 52839]
org.apache.hadoop.mapred.TaskAttemptListenerImpl: Progress of TaskAttempt * is : * ,,"2015-10-17 18:13:57,936",INFO,[IPC Server handler 11 on 52839]
org.apache.hadoop.mapred.TaskAttemptListenerImpl: Progress of TaskAttempt * is : * ,,"2015-10-17 18:13:57,936",INFO,[IPC Server handler 11 on 52839]
org.apache.hadoop.mapred.TaskAttemptListenerImpl: Progress of TaskAttempt * is : * ,,"2015-10-17 18:13:58,077",INFO,[IPC Server handler 23 on 52839]
org.apache.hadoop.mapred.TaskAttemptListenerImpl: MapCompletionEvents request from * startIndex * maxEvents 10000 ,,"2015-10-17 18:13:58,327",INFO,[IPC Server handler 0 on 52839]
org.apache.hadoop.mapred.TaskAttemptListenerImpl: Progress of TaskAttempt * is : * ,,"2015-10-17 18:13:58,514",INFO,[IPC Server handler 16 on 52839]
org.apache.hadoop.mapred.TaskAttemptListenerImpl: Progress of TaskAttempt * is : * ,,"2015-10-17 18:13:59,311",INFO,[IPC Server handler 17 on 52839]
org.apache.hadoop.mapred.TaskAttemptListenerImpl: MapCompletionEvents request from * startIndex * maxEvents 10000 ,,"2015-10-17 18:13:59,405",INFO,[IPC Server handler 0 on 52839]
org.apache.hadoop.mapred.TaskAttemptListenerImpl: Progress of TaskAttempt * is : * ,,"2015-10-17 18:13:59,530",INFO,[IPC Server handler 15 on 52839]
org.apache.hadoop.mapred.TaskAttemptListenerImpl: Progress of TaskAttempt * is : * ,,"2015-10-17 18:13:59,733",INFO,[IPC Server handler 8 on 52839]
org.apache.hadoop.mapreduce.v2.app.rm.RMContainerAllocator: Got allocated containers * ,,"2015-10-17 18:14:00,186",INFO,[RMCommunicator Allocator]
org.apache.hadoop.mapreduce.v2.app.rm.RMContainerAllocator: Assigned * to * ,,"2015-10-17 18:14:00,186",INFO,[RMCommunicator Allocator]
org.apache.hadoop.mapreduce.v2.app.rm.RMContainerAllocator: * Scheduling: PendingReds:0 * ScheduledReds:0 * AssignedReds:1 * CompletedReds:0 * ContRel:0 * ,,"2015-10-17 18:14:00,186",INFO,[RMCommunicator Allocator]
org.apache.hadoop.yarn.util.RackResolver: Resolved * to /default-rack ,,"2015-10-17 18:14:00,186",INFO,[AsyncDispatcher event handler]
org.apache.hadoop.mapreduce.v2.app.job.impl.TaskAttemptImpl: * TaskAttempt Transitioned from * to * ,,"2015-10-17 18:14:00,186",INFO,[AsyncDispatcher event handler]
org.apache.hadoop.mapreduce.v2.app.launcher.ContainerLauncherImpl: Processing the event EventType: * for container * taskAttempt * ,,"2015-10-17 18:14:00,186",INFO,[ContainerLauncher #4]
org.apache.hadoop.mapreduce.v2.app.launcher.ContainerLauncherImpl: Launching * ,,"2015-10-17 18:14:00,186",INFO,[ContainerLauncher #4]
org.apache.hadoop.yarn.client.api.impl.ContainerManagementProtocolProxy: Opening proxy : * ,,"2015-10-17 18:14:00,186",INFO,[ContainerLauncher #4]
org.apache.hadoop.mapred.TaskAttemptListenerImpl: Progress of TaskAttempt * is : * ,,"2015-10-17 18:14:00,421",INFO,[IPC Server handler 10 on 52839]
org.apache.hadoop.mapreduce.v2.app.launcher.ContainerLauncherImpl: Shuffle port returned by ContainerManager for * : 13562 ,,"2015-10-17 18:14:00,436",INFO,[ContainerLauncher #4]
org.apache.hadoop.mapreduce.v2.app.job.impl.TaskAttemptImpl: TaskAttempt: * using containerId: * on NM: * ,,"2015-10-17 18:14:00,436",INFO,[AsyncDispatcher event handler]
org.apache.hadoop.mapreduce.v2.app.job.impl.TaskAttemptImpl: * TaskAttempt Transitioned from * to * ,,"2015-10-17 18:14:00,436",INFO,[AsyncDispatcher event handler]
org.apache.hadoop.mapreduce.v2.app.speculate.DefaultSpeculator: ATTEMPT_START * ,,"2015-10-17 18:14:00,436",INFO,[AsyncDispatcher event handler]
org.apache.hadoop.mapred.TaskAttemptListenerImpl: MapCompletionEvents request from * startIndex * maxEvents 10000 ,,"2015-10-17 18:14:00,468",INFO,[IPC Server handler 0 on 52839]
org.apache.hadoop.mapred.TaskAttemptListenerImpl: Progress of TaskAttempt * is : * ,,"2015-10-17 18:14:00,468",INFO,[IPC Server handler 5 on 52839]
org.apache.hadoop.mapred.TaskAttemptListenerImpl: Progress of TaskAttempt * is : * ,,"2015-10-17 18:14:00,624",INFO,[IPC Server handler 16 on 52839]
org.apache.hadoop.mapreduce.v2.app.speculate.DefaultSpeculator: DefaultSpeculator.addSpeculativeAttempt -- we are speculating * ,,"2015-10-17 18:14:00,843",INFO,[DefaultSpeculator background processing]
org.apache.hadoop.mapreduce.v2.app.speculate.DefaultSpeculator: We launched 1 speculations. Sleeping 15000 milliseconds. ,,"2015-10-17 18:14:00,843",INFO,[DefaultSpeculator background processing]
org.apache.hadoop.mapreduce.v2.app.job.impl.TaskImpl: Scheduling a redundant attempt for task * ,,"2015-10-17 18:14:00,843",INFO,[AsyncDispatcher event handler]
org.apache.hadoop.yarn.util.RackResolver: Resolved * to /default-rack ,,"2015-10-17 18:14:00,843",INFO,[AsyncDispatcher event handler]
org.apache.hadoop.yarn.util.RackResolver: Resolved * to /default-rack ,,"2015-10-17 18:14:00,843",INFO,[AsyncDispatcher event handler]
org.apache.hadoop.mapreduce.v2.app.job.impl.TaskAttemptImpl: * TaskAttempt Transitioned from * to * ,,"2015-10-17 18:14:00,843",INFO,[AsyncDispatcher event handler]
org.apache.hadoop.mapreduce.v2.app.rm.RMContainerAllocator: * Scheduling: PendingReds:0 * ScheduledReds:0 * AssignedReds:1 * CompletedReds:0 * ContRel:0 * ,,"2015-10-17 18:14:01,280",INFO,[RMCommunicator Allocator]
org.apache.hadoop.mapreduce.v2.app.rm.RMContainerRequestor: getResources() for * release= 0 newContainers=0 * ,,"2015-10-17 18:14:01,280",INFO,[RMCommunicator Allocator]
org.apache.hadoop.mapred.TaskAttemptListenerImpl: MapCompletionEvents request from * startIndex * maxEvents 10000 ,,"2015-10-17 18:14:01,515",INFO,[IPC Server handler 17 on 52839]
org.apache.hadoop.mapred.TaskAttemptListenerImpl: Progress of TaskAttempt * is : * ,,"2015-10-17 18:14:01,530",INFO,[IPC Server handler 6 on 52839]
org.apache.hadoop.mapred.TaskAttemptListenerImpl: Progress of TaskAttempt * is : * ,,"2015-10-17 18:14:01,702",INFO,[IPC Server handler 7 on 52839]
org.apache.hadoop.mapred.TaskAttemptListenerImpl: Progress of TaskAttempt * is : * ,,"2015-10-17 18:14:01,827",INFO,[IPC Server handler 8 on 52839]
org.apache.hadoop.mapred.TaskAttemptListenerImpl: Progress of TaskAttempt * is : * ,,"2015-10-17 18:14:01,858",INFO,[IPC Server handler 13 on 52839]
org.apache.hadoop.mapred.TaskAttemptListenerImpl: Progress of TaskAttempt * is : * ,,"2015-10-17 18:14:01,983",INFO,[IPC Server handler 28 on 52839]
org.apache.hadoop.mapred.TaskAttemptListenerImpl: Progress of TaskAttempt * is : * ,,"2015-10-17 18:14:02,124",INFO,[IPC Server handler 11 on 52839]
org.apache.hadoop.mapreduce.v2.app.rm.RMContainerAllocator: Got allocated containers * ,,"2015-10-17 18:14:02,358",INFO,[RMCommunicator Allocator]
org.apache.hadoop.mapreduce.v2.app.rm.RMContainerAllocator: Assigned * to * ,,"2015-10-17 18:14:02,358",INFO,[RMCommunicator Allocator]
org.apache.hadoop.mapreduce.v2.app.rm.RMContainerAllocator: * Scheduling: PendingReds:0 * ScheduledReds:0 * AssignedReds:1 * CompletedReds:0 * ContRel:0 * ,,"2015-10-17 18:14:02,358",INFO,[RMCommunicator Allocator]
org.apache.hadoop.yarn.util.RackResolver: Resolved * to /default-rack ,,"2015-10-17 18:14:02,358",INFO,[AsyncDispatcher event handler]
org.apache.hadoop.mapreduce.v2.app.job.impl.TaskAttemptImpl: * TaskAttempt Transitioned from * to * ,,"2015-10-17 18:14:02,358",INFO,[AsyncDispatcher event handler]
org.apache.hadoop.mapreduce.v2.app.launcher.ContainerLauncherImpl: Processing the event EventType: * for container * taskAttempt * ,,"2015-10-17 18:14:02,358",INFO,[ContainerLauncher #5]
org.apache.hadoop.mapreduce.v2.app.launcher.ContainerLauncherImpl: Launching * ,,"2015-10-17 18:14:02,358",INFO,[ContainerLauncher #5]
org.apache.hadoop.yarn.client.api.impl.ContainerManagementProtocolProxy: Opening proxy : * ,,"2015-10-17 18:14:02,358",INFO,[ContainerLauncher #5]
org.apache.hadoop.mapred.TaskAttemptListenerImpl: MapCompletionEvents request from * startIndex * maxEvents 10000 ,,"2015-10-17 18:14:02,593",INFO,[IPC Server handler 17 on 52839]
org.apache.hadoop.mapreduce.v2.app.launcher.ContainerLauncherImpl: Shuffle port returned by ContainerManager for * : 13562 ,,"2015-10-17 18:14:02,671",INFO,[ContainerLauncher #5]
org.apache.hadoop.mapreduce.v2.app.job.impl.TaskAttemptImpl: TaskAttempt: * using containerId: * on NM: * ,,"2015-10-17 18:14:02,671",INFO,[AsyncDispatcher event handler]
org.apache.hadoop.mapreduce.v2.app.job.impl.TaskAttemptImpl: * TaskAttempt Transitioned from * to * ,,"2015-10-17 18:14:02,671",INFO,[AsyncDispatcher event handler]
org.apache.hadoop.mapreduce.v2.app.speculate.DefaultSpeculator: ATTEMPT_START * ,,"2015-10-17 18:14:02,671",INFO,[AsyncDispatcher event handler]
org.apache.hadoop.mapred.TaskAttemptListenerImpl: Progress of TaskAttempt * is : * ,,"2015-10-17 18:14:02,890",INFO,[IPC Server handler 16 on 52839]
org.apache.hadoop.mapred.TaskAttemptListenerImpl: Progress of TaskAttempt * is : * ,,"2015-10-17 18:14:02,968",INFO,[IPC Server handler 28 on 52839]
org.apache.hadoop.mapred.TaskAttemptListenerImpl: Progress of TaskAttempt * is : * ,,"2015-10-17 18:14:03,358",INFO,[IPC Server handler 3 on 52839]
org.apache.hadoop.mapreduce.v2.app.rm.RMContainerRequestor: getResources() for * release= 0 newContainers=0 * ,,"2015-10-17 18:14:03,421",INFO,[RMCommunicator Allocator]
org.apache.hadoop.mapred.TaskAttemptListenerImpl: Progress of TaskAttempt * is : * ,,"2015-10-17 18:14:03,437",INFO,[IPC Server handler 5 on 52839]
org.apache.hadoop.mapred.TaskAttemptListenerImpl: MapCompletionEvents request from * startIndex * maxEvents 10000 ,,"2015-10-17 18:14:03,640",INFO,[IPC Server handler 4 on 52839]
org.apache.hadoop.mapred.TaskAttemptListenerImpl: Progress of TaskAttempt * is : * ,,"2015-10-17 18:14:03,749",INFO,[IPC Server handler 9 on 52839]
SecurityLogger.org.apache.hadoop.ipc.Server: Auth successful for * (auth:SIMPLE) ,,"2015-10-17 18:14:04,030",INFO,[Socket Reader #1 for port 52839]
org.apache.hadoop.mapred.TaskAttemptListenerImpl: JVM with ID : * asked for a task ,,"2015-10-17 18:14:04,093",INFO,[IPC Server handler 11 on 52839]
org.apache.hadoop.mapred.TaskAttemptListenerImpl: JVM with ID: * given task: * ,,"2015-10-17 18:14:04,093",INFO,[IPC Server handler 11 on 52839]
org.apache.hadoop.mapred.TaskAttemptListenerImpl: Progress of TaskAttempt * is : * ,,"2015-10-17 18:14:04,124",INFO,[IPC Server handler 26 on 52839]
org.apache.hadoop.mapred.TaskAttemptListenerImpl: MapCompletionEvents request from * startIndex * maxEvents 10000 ,,"2015-10-17 18:14:04,687",INFO,[IPC Server handler 9 on 52839]
org.apache.hadoop.mapred.TaskAttemptListenerImpl: Progress of TaskAttempt * is : * ,,"2015-10-17 18:14:04,952",INFO,[IPC Server handler 16 on 52839]
org.apache.hadoop.mapred.TaskAttemptListenerImpl: Progress of TaskAttempt * is : * ,,"2015-10-17 18:14:05,030",INFO,[IPC Server handler 11 on 52839]
org.apache.hadoop.mapred.TaskAttemptListenerImpl: Progress of TaskAttempt * is : * ,,"2015-10-17 18:14:05,218",INFO,[IPC Server handler 3 on 52839]
org.apache.hadoop.mapred.TaskAttemptListenerImpl: Progress of TaskAttempt * is : * ,,"2015-10-17 18:14:05,296",INFO,[IPC Server handler 5 on 52839]
org.apache.hadoop.mapred.TaskAttemptListenerImpl: Progress of TaskAttempt * is : * ,,"2015-10-17 18:14:05,562",INFO,[IPC Server handler 6 on 52839]
org.apache.hadoop.mapred.TaskAttemptListenerImpl: MapCompletionEvents request from * startIndex * maxEvents 10000 ,,"2015-10-17 18:14:05,733",INFO,[IPC Server handler 27 on 52839]
org.apache.hadoop.mapred.TaskAttemptListenerImpl: Progress of TaskAttempt * is : * ,,"2015-10-17 18:14:06,015",INFO,[IPC Server handler 16 on 52839]
org.apache.hadoop.mapred.TaskAttemptListenerImpl: Progress of TaskAttempt * is : * ,,"2015-10-17 18:14:06,046",INFO,[IPC Server handler 19 on 52839]
org.apache.hadoop.mapred.TaskAttemptListenerImpl: Progress of TaskAttempt * is : * ,,"2015-10-17 18:14:06,124",INFO,[IPC Server handler 26 on 52839]
SecurityLogger.org.apache.hadoop.ipc.Server: Auth successful for * (auth:SIMPLE) ,,"2015-10-17 18:14:06,405",INFO,[Socket Reader #1 for port 52839]
org.apache.hadoop.mapred.TaskAttemptListenerImpl: JVM with ID : * asked for a task ,,"2015-10-17 18:14:06,452",INFO,[IPC Server handler 6 on 52839]
org.apache.hadoop.mapred.TaskAttemptListenerImpl: JVM with ID: * given task: * ,,"2015-10-17 18:14:06,452",INFO,[IPC Server handler 6 on 52839]
org.apache.hadoop.mapred.TaskAttemptListenerImpl: Progress of TaskAttempt * is : * ,,"2015-10-17 18:14:06,484",INFO,[IPC Server handler 27 on 52839]
org.apache.hadoop.mapred.TaskAttemptListenerImpl: MapCompletionEvents request from * startIndex * maxEvents 10000 ,,"2015-10-17 18:14:06,796",INFO,[IPC Server handler 17 on 52839]
org.apache.hadoop.mapred.TaskAttemptListenerImpl: Progress of TaskAttempt * is : * ,,"2015-10-17 18:14:06,796",INFO,[IPC Server handler 1 on 52839]
org.apache.hadoop.mapred.TaskAttemptListenerImpl: Progress of TaskAttempt * is : * ,,"2015-10-17 18:14:06,874",INFO,[IPC Server handler 22 on 52839]
org.apache.hadoop.mapred.TaskAttemptListenerImpl: MapCompletionEvents request from * startIndex * maxEvents 10000 ,,"2015-10-17 18:14:07,843",INFO,[IPC Server handler 17 on 52839]
org.apache.hadoop.mapred.TaskAttemptListenerImpl: Progress of TaskAttempt * is : * ,,"2015-10-17 18:14:07,937",INFO,[IPC Server handler 16 on 52839]
org.apache.hadoop.mapred.TaskAttemptListenerImpl: Progress of TaskAttempt * is : * ,,"2015-10-17 18:14:08,218",INFO,[IPC Server handler 7 on 52839]
org.apache.hadoop.mapred.TaskAttemptListenerImpl: Progress of TaskAttempt * is : * ,,"2015-10-17 18:14:08,671",INFO,[IPC Server handler 9 on 52839]
org.apache.hadoop.mapred.TaskAttemptListenerImpl: MapCompletionEvents request from * startIndex * maxEvents 10000 ,,"2015-10-17 18:14:08,921",INFO,[IPC Server handler 4 on 52839]
org.apache.hadoop.mapred.TaskAttemptListenerImpl: Progress of TaskAttempt * is : * ,,"2015-10-17 18:14:09,124",INFO,[IPC Server handler 7 on 52839]
org.apache.hadoop.mapred.TaskAttemptListenerImpl: Progress of TaskAttempt * is : * ,,"2015-10-17 18:14:09,171",INFO,[IPC Server handler 2 on 52839]
org.apache.hadoop.mapred.TaskAttemptListenerImpl: Progress of TaskAttempt * is : * ,,"2015-10-17 18:14:09,281",INFO,[IPC Server handler 8 on 52839]
org.apache.hadoop.mapred.TaskAttemptListenerImpl: Progress of TaskAttempt * is : * ,,"2015-10-17 18:14:09,640",INFO,[IPC Server handler 6 on 52839]
org.apache.hadoop.mapred.TaskAttemptListenerImpl: Progress of TaskAttempt * is : * ,,"2015-10-17 18:14:09,781",INFO,[IPC Server handler 17 on 52839]
org.apache.hadoop.mapred.TaskAttemptListenerImpl: Progress of TaskAttempt * is : * ,,"2015-10-17 18:14:09,812",INFO,[IPC Server handler 18 on 52839]
org.apache.hadoop.mapred.TaskAttemptListenerImpl: MapCompletionEvents request from * startIndex * maxEvents 10000 ,,"2015-10-17 18:14:10,015",INFO,[IPC Server handler 20 on 52839]
org.apache.hadoop.mapred.TaskAttemptListenerImpl: Progress of TaskAttempt * is : * ,,"2015-10-17 18:14:10,265",INFO,[IPC Server handler 8 on 52839]
org.apache.hadoop.mapred.TaskAttemptListenerImpl: Progress of TaskAttempt * is : * ,,"2015-10-17 18:14:10,593",INFO,[IPC Server handler 5 on 52839]
org.apache.hadoop.mapred.TaskAttemptListenerImpl: Progress of TaskAttempt * is : * ,,"2015-10-17 18:14:10,765",INFO,[IPC Server handler 6 on 52839]
org.apache.hadoop.mapred.TaskAttemptListenerImpl: MapCompletionEvents request from * startIndex * maxEvents 10000 ,,"2015-10-17 18:14:11,156",INFO,[IPC Server handler 20 on 52839]
org.apache.hadoop.mapred.TaskAttemptListenerImpl: Progress of TaskAttempt * is : * ,,"2015-10-17 18:14:11,374",INFO,[IPC Server handler 19 on 52839]
